0.000|75
0.333|75
0.380|75
0.411|75
0.452|75
0.487|75
0.525|75
0.570|75
0.597|75
0.644|75
0.677|75
0.717|75
0.751|75
0.794|75
0.828|75
0.865|75
0.912|75
0.946|75
0.990|75
1.037|75
1.074|75
1.130|75
1.171|75
1.214|75
1.258|75
1.297|75
1.339|75
1.387|75
1.424|75
1.465|75
1.509|75
1.545|75
1.591|75
1.629|75
1.671|75
1.717|75
1.750|75
1.793|75
1.828|75
1.865|100
1.907|100
1.936|100
1.978|75
2.009|75
2.050|75
2.084|75
2.125|75
2.170|75
2.200|75
2.243|75
2.276|75
2.316|75
2.351|75
2.394|75
2.435|75
2.467|75
2.513|75
2.546|75
2.589|75
2.626|75
2.665|75
2.704|75
2.747|75
2.780|75
2.822|75
2.857|75
2.901|75
2.946|75
2.982|75
3.027|75
3.062|75
3.102|75
3.144|75
3.177|75
3.226|75
3.264|75
3.305|75
3.346|75
3.378|75
3.421|75
3.456|75
3.498|75
3.542|75
3.574|75
3.618|75
3.654|75
3.697|75
3.744|75
3.777|75
3.822|75
3.857|75
3.899|75
3.943|75
3.977|75
4.028|75
4.069|75
4.113|75
4.161|75
4.200|75
4.240|75
4.285|75
4.349|75
4.395|75
4.443|75
4.488|75
4.531|75
4.575|75
4.611|75
4.655|75
4.696|75
4.731|75
4.775|75
4.808|75
4.858|75
4.903|75
4.953|75
4.998|75
5.048|75
5.092|75
5.147|75
5.200|75
5.245|75
5.299|75
5.345|75
5.400|75
5.451|75
5.493|75
5.543|75
5.596|75
5.640|75
5.688|75
5.735|100
5.787|100
5.832|100
5.875|100
5.927|100
5.971|100
6.019|100
6.069|100
6.117|100
6.163|100
6.207|100
6.257|100
6.310|100
6.353|100
6.401|100
6.453|100
6.498|100
6.544|100
6.596|100
6.640|100
6.685|100
6.734|100
6.784|100
6.828|100
6.875|100
6.926|100
6.973|100
7.027|100
7.074|100
7.121|100
7.162|100
7.214|100
7.264|100
7.310|100
7.359|100
7.417|100
7.467|100
7.522|100
7.568|100
7.617|100
7.672|100
7.722|100
7.767|100
7.822|100
7.870|100
7.916|75
7.965|75
8.004|75
8.045|75
8.089|75
8.126|75
8.171|75
8.213|75
8.275|75
8.318|75
8.361|75
8.403|100
8.437|100
8.480|100
8.515|100
8.560|75
8.606|75
8.642|75
8.686|75
8.720|75
8.769|75
8.814|75
8.848|75
8.892|75
8.928|75
8.973|75
9.019|75
9.056|75
9.101|75
9.150|75
9.184|75
9.229|75
9.270|75
9.311|75
9.360|75
9.398|75
9.437|75
9.482|75
9.518|75
9.567|75
9.615|75
9.647|75
9.693|75
9.731|75
9.775|75
9.826|75
9.862|75
9.902|75
9.949|75
9.985|75
10.031|75
10.078|75
10.111|75
10.158|75
10.196|75
10.240|75
10.287|75
10.323|75
10.369|75
10.416|75
10.451|75
10.497|75
10.534|75
10.577|75
10.627|75
10.668|75
10.711|75
10.755|75
10.795|75
10.838|75
10.893|75
10.927|75
10.973|75
11.022|75
11.062|75
11.107|75
11.152|75
11.188|75
11.230|75
11.277|75
11.311|75
11.359|75
11.395|75
11.450|75
11.498|75
11.538|75
11.582|75
11.629|75
11.667|75
11.710|75
11.756|75
11.795|75
11.836|75
11.882|75
11.918|75
11.965|75
12.006|75
12.060|75
12.106|75
12.154|75
12.219|75
12.267|75
12.307|75
12.352|75
12.389|75
12.434|75
12.522|75
12.567|75
12.618|75
12.654|75
12.700|75
12.749|75
12.783|75
12.827|75
12.864|75
12.907|75
12.954|75
12.991|75
13.030|75
13.072|75
13.107|75
13.155|75
13.193|75
13.237|75
13.280|75
13.315|75
13.363|75
13.402|75
13.445|75
13.491|75
13.526|75
13.568|75
13.618|75
13.654|75
13.703|75
13.751|75
13.788|75
13.834|75
13.885|75
13.922|75
13.965|75
14.011|75
14.046|75
14.095|75
14.132|75
14.182|75
14.254|75
14.300|75
14.342|75
14.386|75
14.435|75
14.484|75
14.526|75
14.574|75
14.631|75
14.673|75
14.718|75
14.761|75
14.812|75
14.847|75
14.896|75
14.937|75
14.989|75
15.047|75
15.094|75
15.134|75
15.178|75
15.227|75
15.266|75
15.315|50
15.400|50
15.446|50
15.494|50
15.535|25
15.584|25
15.628|25
15.666|25
15.710|25
15.763|25
15.806|25
15.850|25
15.895|25
15.933|25
15.974|25
16.024|25
16.063|25
16.141|25
16.188|25
16.233|25
16.276|25
16.319|25
16.365|25
16.411|25
16.443|50
16.490|50
16.526|50
16.568|50
16.617|50
16.658|50
16.702|50
16.753|50
16.791|75
16.836|75
16.882|75
16.919|75
16.982|75
17.032|75
17.092|75
17.138|75
17.182|75
17.229|75
17.269|75
17.313|75
17.363|75
17.403|75
17.450|75
17.497|75
17.546|75
17.586|75
17.635|75
17.680|75
17.726|75
17.767|75
17.814|75
17.861|75
17.904|75
17.984|75
18.029|75
18.072|75
18.119|75
18.156|75
18.200|75
18.248|75
18.285|75
18.334|75
18.377|75
18.421|75
18.468|75
18.517|75
18.555|75
18.598|75
18.643|75
18.679|75
18.725|75
18.762|75
18.807|75
18.852|75
18.891|75
18.938|75
18.988|75
19.031|75
19.076|75
19.126|75
19.163|75
19.213|75
19.257|100
19.302|100
19.349|100
19.388|100
19.433|100
19.480|100
19.517|100
19.567|75
19.612|75
19.657|75
19.703|75
19.747|75
19.780|75
19.828|75
19.864|75
19.909|75
19.956|75
20.019|75
20.066|75
20.117|75
20.165|75
20.210|75
20.257|75
20.297|75
20.339|75
20.387|75
20.422|75
20.467|75
20.506|100
20.549|100
20.596|100
20.634|100
20.679|100
20.727|100
20.767|100
20.813|100
20.858|100
20.892|100
20.938|100
20.986|100
21.022|100
21.072|75
21.119|75
21.153|75
21.200|75
21.242|75
21.287|75
21.335|75
21.378|75
21.424|75
21.469|75
21.518|75
21.557|75
21.600|75
21.648|75
21.684|75
21.729|75
21.767|75
21.815|75
21.866|75
21.908|75
21.952|50
21.998|50
22.037|75
22.080|100
22.128|100
22.166|75
22.213|75
22.260|75
22.302|75
22.349|75
22.399|75
22.442|75
22.487|75
22.537|75
22.577|75
22.629|75
22.675|75
22.730|75
22.772|75
22.818|75
22.865|75
22.907|75
22.952|75
23.009|75
23.059|75
23.100|75
23.145|75
23.192|75
23.229|75
23.277|75
23.324|75
23.364|75
23.408|75
23.454|75
23.489|75
23.535|75
23.583|75
23.622|75
23.674|75
23.722|75
23.760|75
23.803|75
23.849|75
23.884|75
23.928|75
23.965|75
24.012|75
24.090|75
24.139|75
24.184|75
24.237|75
24.279|75
24.321|75
24.365|75
24.402|75
24.446|75
24.493|75
24.531|75
24.576|75
24.621|75
24.661|75
24.708|75
24.763|75
24.805|75
24.848|75
24.894|75
24.935|75
24.979|75
25.026|75
25.068|75
25.113|75
25.159|75
25.200|75
25.245|75
25.294|75
25.332|75
25.378|75
25.421|75
25.459|75
25.503|75
25.547|75
25.582|75
25.629|75
25.666|75
25.710|75
25.760|75
25.799|75
25.841|75
25.887|75
25.924|75
25.975|75
26.026|75
26.174|75
26.227|75
26.274|75
26.314|100
26.358|100
26.401|100
26.447|100
26.497|100
26.540|100
26.585|100
26.631|75
26.672|75
26.715|75
26.760|75
26.801|75
26.848|75
26.895|75
26.935|75
26.976|75
27.021|75
27.062|75
27.105|75
27.151|75
27.187|75
27.231|75
27.270|75
27.314|75
27.360|75
27.399|100
27.447|100
27.493|100
27.531|100
27.578|100
27.627|100
27.670|100
27.723|100
27.775|100
27.822|100
27.864|100
27.908|100
27.958|100
28.002|100
28.046|100
28.098|100
28.165|100
28.211|100
28.247|75
28.291|75
28.328|75
28.370|75
28.416|75
28.452|75
28.495|75
28.533|75
28.572|75
28.616|75
28.655|75
28.697|75
28.737|75
28.777|75
28.825|75
28.866|75
28.913|75
28.963|75
29.005|75
29.049|75
29.100|75
29.140|75
29.189|75
29.238|75
29.280|75
29.325|75
29.372|75
29.416|75
29.463|75
29.511|75
29.559|75
29.599|75
29.642|75
29.691|75
29.732|75
29.776|75
29.824|75
29.866|75
29.912|75
29.960|75
30.001|75
30.045|75
30.092|75
30.132|75
30.173|75
30.221|75
30.257|75
30.299|75
30.339|75
30.380|75
30.430|75
30.478|75
30.530|75
30.573|75
30.615|75
30.650|75
30.692|75
30.729|75
30.771|75
30.817|75
30.855|75
30.900|75
30.940|75
30.978|75
31.025|75
31.065|75
31.105|75
31.151|75
31.192|75
31.233|75
31.278|75
31.315|75
31.362|75
31.401|75
31.445|75
31.492|75
31.532|75
31.574|75
31.617|75
31.657|75
31.701|75
31.745|75
31.787|75
31.831|75
31.867|75
31.907|75
31.952|75
31.990|75
32.032|75
32.072|75
32.114|75
32.203|75
32.299|75
32.383|75
32.472|75
32.521|75
32.564|75
32.605|75
32.651|75
32.686|75
32.730|75
32.770|75
32.819|75
32.863|75
32.904|75
32.946|75
32.991|75
33.027|75
33.073|75
33.112|75
33.151|75
33.195|75
33.233|75
33.277|75
33.331|75
33.379|100
33.433|100
33.485|100
33.541|100
33.582|100
33.624|100
33.668|100
33.707|75
33.747|75
33.792|75
33.826|75
33.869|75
33.916|75
33.954|75
34.001|75
34.042|75
34.084|75
34.126|75
34.163|75
34.206|75
34.249|75
34.286|75
34.328|75
34.366|75
34.409|75
34.456|75
34.499|75
34.543|75
34.590|75
34.631|75
34.672|75
34.719|75
34.751|50
34.794|50
34.830|50
34.872|50
34.919|50
34.956|50
35.002|50
35.045|50
35.090|50
35.138|50
35.179|50
35.219|50
35.265|50
35.302|25
35.344|50
35.391|25
35.427|25
35.473|25
35.522|25
35.558|25
35.604|25
35.646|25
35.690|25
35.739|25
35.781|25
35.821|50
35.864|50
35.905|50
35.944|50
35.990|50
36.026|50
36.071|50
36.114|50
36.154|50
36.197|50
36.237|75
36.284|75
36.359|75
36.409|75
36.452|75
36.500|75
36.543|75
36.586|75
36.632|75
36.672|75
36.713|75
36.759|75
36.798|75
36.843|75
36.887|75
36.921|75
36.969|75
37.008|75
37.050|75
37.096|75
37.135|75
37.175|75
37.221|75
37.256|75
37.299|75
37.334|75
37.373|75
37.420|75
37.465|75
37.511|75
37.559|75
37.599|75
37.643|75
37.689|75
37.726|75
37.769|75
37.807|75
37.847|75
37.894|75
37.932|75
37.978|75
38.026|75
38.063|75
38.109|75
38.158|75
38.198|75
38.242|75
38.288|75
38.322|75
38.368|75
38.407|75
38.450|75
38.500|75
38.545|75
38.590|75
38.642|75
38.681|75
38.720|75
38.766|75
38.807|75
38.848|75
38.896|75
38.938|75
38.978|75
39.021|75
39.058|75
39.100|75
39.139|75
39.178|75
39.223|75
39.258|75
39.302|75
39.342|75
39.379|75
39.425|75
39.461|75
39.508|75
39.554|75
39.590|75
39.634|75
39.670|75
39.711|75
39.756|75
39.794|75
39.839|75
39.878|75
39.917|75
39.961|75
40.001|75
40.041|75
40.086|75
40.125|75
40.172|75
40.216|75
40.259|75
40.293|75
40.364|75
40.415|75
40.458|75
40.506|75
40.547|75
40.592|75
40.637|75
40.675|75
40.715|75
40.759|75
40.795|75
40.839|75
40.881|75
40.917|75
40.960|75
40.996|75
41.040|75
41.082|75
41.117|75
41.158|75
41.195|75
41.238|75
41.276|75
41.316|75
41.359|75
41.395|75
41.435|75
41.479|75
41.523|75
41.568|75
41.607|75
41.649|75
41.696|75
41.738|75
41.785|75
41.833|75
41.871|75
41.915|75
41.963|75
42.002|75
42.043|100
42.088|75
42.124|75
42.175|75
42.213|75
42.253|75
42.298|75
42.335|75
42.380|100
42.423|100
42.462|100
42.507|100
42.549|100
42.580|100
42.625|100
42.660|100
42.711|100
42.757|100
42.797|100
42.840|100
42.887|100
42.921|100
42.960|100
42.996|100
43.038|100
43.082|100
43.117|100
43.160|100
43.194|100
43.236|100
43.275|100
43.316|100
43.362|100
43.403|100
43.441|100
43.486|100
43.524|100
43.567|100
43.604|100
43.645|100
43.691|100
43.730|100
43.778|100
43.826|100
43.868|100
43.911|100
43.957|100
43.994|100
44.035|100
44.080|100
44.113|75
44.158|75
44.194|75
44.239|75
44.277|75
44.317|75
44.390|75
44.437|75
44.481|75
44.529|75
44.566|75
44.610|75
44.652|75
44.686|75
44.732|75
44.773|75
44.821|75
44.866|75
44.923|75
44.971|75
45.014|75
45.061|75
45.098|75
45.138|75
45.183|75
45.218|75
45.264|75
45.302|75
45.342|75
45.386|75
45.422|75
45.467|75
45.504|75
45.548|75
45.595|75
45.632|75
45.677|75
45.719|75
45.753|75
45.799|75
45.846|75
45.887|75
45.933|75
45.969|75
46.010|75
46.055|75
46.091|75
46.138|75
46.184|75
46.229|75
46.273|100
46.319|100
46.358|100
46.400|100
46.439|100
46.480|100
46.527|100
46.565|100
46.610|100
46.656|100
46.695|100
46.738|100
46.788|100
46.823|100
46.869|100
46.908|100
46.949|100
46.995|75
47.028|75
47.075|75
47.117|75
47.153|75
47.196|75
47.234|75
47.277|75
47.324|75
47.361|75
47.409|75
47.451|75
47.487|75
47.532|75
47.565|75
47.608|75
47.652|75
47.687|75
47.732|75
47.768|75
47.811|75
47.863|75
47.906|75
47.960|75
48.006|75
48.049|75
48.089|75
48.133|75
48.171|75
48.212|75
48.259|75
48.293|75
48.334|75
48.400|75
48.448|75
48.489|75
48.536|75
48.573|75
48.618|75
48.662|75
48.698|75
48.738|75
48.783|75
48.823|75
48.869|75
48.910|75
48.955|75
49.001|75
49.044|75
49.083|75
49.131|75
49.169|75
49.211|75
49.258|75
49.292|75
49.338|75
49.377|75
49.417|75
49.463|75
49.502|75
49.546|75
49.590|75
49.631|75
49.676|75
49.727|75
49.766|75
49.812|75
49.859|75
49.900|75
49.954|75
50.002|75
50.046|75
50.087|75
50.137|75
50.179|75
50.219|75
50.286|75
50.328|50
50.373|50
50.413|50
50.460|50
50.499|50
50.542|50
50.585|50
50.620|75
50.662|75
50.699|75
50.745|75
50.793|75
50.851|75
50.892|75
50.935|75
50.974|75
51.020|75
51.070|75
51.112|75
51.156|75
51.201|75
51.243|75
51.287|75
51.338|75
51.384|75
51.430|75
51.472|75
51.522|75
51.568|75
51.610|75
51.658|75
51.695|75
51.741|75
51.780|75
51.822|75
51.869|75
51.909|75
51.953|75
52.001|75
52.044|75
52.092|75
52.138|75
52.179|75
52.221|75
52.266|75
52.303|75
52.395|75
52.440|75
52.487|75
52.540|75
52.590|75
52.637|75
52.686|75
52.733|75
52.771|75
52.815|75
52.862|75
52.899|75
52.944|75
52.989|75
53.028|75
53.075|75
53.122|75
53.166|75
53.208|75
53.252|75
53.289|75
53.333|75
53.375|75
53.421|75
53.469|75
53.508|75
53.552|75
53.596|75
53.640|75
53.689|75
53.741|75
53.786|75
53.834|75
53.879|75
53.927|75
53.967|75
54.016|75
54.068|75
54.112|75
54.157|75
54.208|75
54.250|75
54.302|75
54.345|75
54.388|75
54.423|75
54.469|75
54.507|75
54.551|75
54.594|75
54.636|75
54.677|75
54.723|75
54.757|75
54.809|100
54.849|100
54.894|100
54.941|100
54.978|100
55.019|75
55.066|75
55.107|75
55.154|75
55.203|75
55.247|75
55.289|75
55.338|75
55.379|75
55.425|75
55.473|75
55.512|75
55.553|75
55.595|75
55.635|75
55.679|100
55.724|100
55.758|100
55.804|100
55.842|100
55.885|100
55.930|100
55.970|100
56.017|100
56.065|100
56.099|100
56.143|100
56.192|100
56.231|100
56.276|100
56.317|100
56.364|100
56.409|100
56.482|100
56.532|100
56.582|100
56.627|75
56.675|75
56.719|75
56.762|75
56.806|75
56.853|75
56.903|75
56.952|75
56.997|75
57.044|75
57.086|75
57.139|75
57.192|25
57.245|25
57.287|25
57.332|25
57.377|25
57.425|25
57.465|25
57.511|25
57.558|25
57.599|25
57.646|25
57.695|25
57.748|25
57.797|25
57.842|25
57.887|25
57.921|25
57.966|25
58.003|50
58.044|75
58.089|75
58.130|75
58.176|75
58.218|75
58.258|75
58.303|75
58.348|75
58.394|75
58.441|75
58.479|75
58.521|75
58.569|75
58.608|75
58.652|75
58.701|75
58.745|75
58.794|75
58.841|75
58.880|75
58.928|75
58.975|75
59.019|75
59.062|75
59.099|75
59.146|75
59.190|75
59.231|75
59.283|75
59.324|75
59.365|75
59.420|75
59.462|75
59.513|75
59.557|75
59.602|75
59.644|75
59.682|75
59.729|75
59.765|75
59.809|75
59.850|75
59.890|75
59.934|75
59.975|75
60.020|75
60.069|75
60.109|75
60.153|75
60.202|75
60.248|75
60.296|75
60.346|75
60.388|75
60.432|75
60.495|75
60.534|75
60.582|75
60.626|75
60.676|75
60.714|75
60.755|75
60.802|75
60.839|75
60.880|75
60.924|75
60.964|75
61.010|75
61.050|75
61.121|75
61.169|75
61.218|75
61.266|75
61.311|75
61.370|75
61.417|75
61.466|75
61.506|75
61.549|75
61.591|75
61.631|75
61.686|75
61.729|75
61.778|75
61.824|75
61.872|75
61.914|75
61.956|75
62.002|75
62.041|75
62.081|75
62.130|75
62.167|75
62.214|75
62.263|75
62.301|75
62.349|75
62.399|75
62.439|75
62.486|75
62.536|75
62.579|75
62.619|75
62.665|75
62.699|75
62.743|75
62.788|75
62.825|75
62.872|75
62.916|75
62.963|75
63.011|75
63.056|75
63.091|75
63.138|75
63.181|75
63.222|75
63.268|75
63.309|75
63.353|75
63.399|75
63.436|75
63.481|50
63.537|50
63.583|50
63.630|50
63.677|50
63.848|50
63.895|50
63.942|50
63.980|75
64.021|75
64.068|75
64.114|75
64.160|75
64.209|75
64.253|75
64.299|75
64.343|75
64.387|75
64.421|75
64.463|75
64.527|75
64.597|75
64.647|75
64.696|75
64.743|75
64.784|75
64.829|75
64.865|75
64.916|75
64.963|75
64.998|100
65.043|100
65.084|75
65.124|75
65.169|75
65.207|100
65.252|100
65.299|100
65.343|100
65.382|100
65.429|100
65.469|100
65.513|100
65.561|75
65.600|75
65.646|75
65.695|75
65.735|75
65.783|75
65.834|75
65.872|75
65.917|75
65.965|100
66.003|100
66.046|100
66.095|100
66.131|100
66.176|100
66.219|100
66.259|100
66.307|100
66.350|100
66.395|100
66.445|100
66.495|100
66.548|100
66.589|100
66.637|100
66.680|100
66.720|100
66.767|100
66.804|100
66.847|100
66.892|100
66.930|100
66.979|100
67.021|100
67.067|100
67.118|100
67.160|100
67.201|100
67.244|75
67.287|75
67.330|75
67.375|75
67.418|75
67.462|75
67.513|75
67.564|75
67.613|75
67.678|75
67.721|75
67.769|75
67.807|75
67.850|75
67.893|75
67.932|75
67.975|75
68.014|75
68.051|75
68.099|75
68.142|75
68.183|75
68.228|75
68.265|50
68.309|50
68.348|50
68.389|75
68.434|75
68.475|75
68.523|75
68.570|75
68.644|75
68.708|75
68.754|75
68.801|75
68.844|75
68.881|75
68.923|75
68.968|75
69.012|75
69.053|75
69.102|75
69.141|75
69.184|75
69.227|75
69.262|75
69.306|75
69.346|75
69.392|75
69.440|75
69.481|75
69.524|75
69.573|75
69.620|75
69.664|75
69.710|75
69.751|75
69.794|75
69.839|75
69.881|75
69.926|75
69.972|75
70.012|75
70.055|75
70.101|75
70.137|75
70.182|75
70.231|75
70.267|75
70.312|75
70.353|75
70.396|75
70.442|75
70.482|75
70.532|75
70.579|75
70.620|75
70.665|75
70.711|75
70.754|50
70.800|50
70.848|50
70.888|75
70.933|75
70.978|75
71.022|75
71.065|75
71.109|75
71.151|75
71.193|100
71.246|100
71.287|100
71.332|100
71.378|100
71.417|100
71.457|100
71.508|100
71.554|100
71.605|100
71.654|100
71.702|100
71.743|100
71.785|100
71.833|100
71.870|100
71.914|75
71.962|75
71.997|75
72.041|75
72.081|75
72.125|75
72.171|75
72.212|75
72.254|75
72.303|75
72.345|75
72.387|75
72.432|75
72.471|75
72.518|75
72.566|75
72.608|75
72.656|75
72.722|75
72.769|75
72.814|75
72.864|75
72.916|75
72.958|75
73.008|75
73.048|75
73.089|100
73.139|75
73.180|75
73.222|75
73.270|75
73.307|100
73.355|100
73.402|100
73.438|100
73.481|100
73.545|100
73.587|100
73.635|100
73.677|100
73.716|100
73.758|100
73.805|100
73.844|100
73.890|75
73.940|75
73.979|75
74.026|75
74.077|75
74.119|75
74.161|75
74.208|75
74.251|75
74.300|75
74.349|75
74.387|75
74.428|75
74.476|75
74.524|75
74.569|75
74.615|75
74.659|75
74.702|75
74.744|75
74.791|100
74.827|100
74.893|100
74.932|100
74.975|100
75.018|100
75.067|100
75.104|100
75.147|100
75.184|100
75.224|100
75.271|100
75.313|100
75.357|100
75.403|100
75.445|100
75.486|100
75.531|100
75.569|100
75.617|100
75.661|100
75.706|100
75.750|100
75.798|75
75.836|75
75.878|75
75.917|75
75.958|75
76.006|75
76.044|75
76.087|75
76.137|75
76.180|75
76.222|75
76.268|75
76.305|75
76.348|75
76.395|75
76.435|75
76.479|75
76.518|75
76.565|75
76.605|75
76.650|75
76.698|75
76.734|75
76.803|75
76.844|75
76.892|75
76.936|75
76.981|75
77.025|75
77.060|75
77.109|100
77.152|100
77.190|100
77.235|100
77.271|100
77.316|100
77.365|100
77.403|75
77.449|75
77.497|75
77.536|75
77.583|75
77.625|75
77.672|75
77.718|100
77.768|100
77.809|100
77.852|100
77.900|100
77.943|100
77.989|100
78.039|100
78.083|100
78.129|100
78.177|100
78.219|100
78.262|100
78.316|100
78.360|100
78.409|100
78.454|100
78.501|100
78.541|100
78.592|100
78.644|100
78.691|100
78.738|100
78.783|100
78.827|100
78.867|100
78.914|100
78.957|100
78.999|100
79.043|100
79.083|75
79.129|75
79.178|75
79.223|75
79.268|75
79.316|75
79.358|75
79.398|75
79.446|75
79.488|75
79.530|75
79.579|75
79.627|75
79.671|75
79.717|75
79.762|75
79.797|50
79.844|50
79.886|50
79.929|75
79.976|75
80.017|75
80.058|75
80.104|75
80.145|75
80.186|75
80.234|75
80.277|75
80.325|75
80.372|75
80.411|75
80.452|75
80.500|75
80.536|75
80.580|75
80.629|75
80.668|75
80.717|75
80.758|75
80.800|75
80.871|75
80.913|75
80.959|75
81.005|75
81.048|75
81.096|75
81.131|75
81.178|75
81.217|75
81.259|75
81.303|75
81.346|75
81.388|75
81.445|75
81.485|75
81.526|75
81.570|75
81.612|75
81.658|75
81.705|75
81.751|75
81.792|75
81.839|75
81.878|75
81.919|75
81.967|75
82.009|75
82.053|75
82.099|75
82.134|75
82.179|75
82.219|75
82.262|75
82.307|75
82.350|75
82.394|75
82.438|75
82.478|75
82.523|75
82.572|75
82.614|75
82.664|75
82.713|75
82.782|75
82.827|75
82.870|75
82.913|75
82.958|75
82.993|75
83.039|75
83.082|75
83.127|75
83.172|75
83.212|75
83.256|75
83.305|75
83.342|100
83.382|100
83.427|100
83.463|100
83.509|100
83.547|100
83.589|100
83.632|100
83.672|100
83.724|100
83.785|100
83.837|75
83.885|75
83.927|75
83.971|75
84.007|75
84.054|75
84.111|75
84.150|75
84.190|75
84.237|75
84.278|75
84.325|75
84.374|75
84.416|75
84.460|75
84.505|75
84.547|75
84.588|75
84.634|75
84.672|75
84.720|50
84.762|50
84.828|50
84.876|50
84.920|50
84.959|50
85.006|50
85.046|50
85.094|50
85.139|50
85.173|50
85.218|50
85.259|50
85.297|50
85.347|50
85.387|50
85.433|75
85.481|75
85.525|75
85.570|75
85.614|75
85.653|75
85.705|75
85.755|75
85.803|75
85.846|75
85.891|75
85.930|75
85.974|75
86.013|75
86.055|75
86.104|75
86.149|75
86.192|75
86.258|75
86.301|75
86.344|75
86.383|75
86.430|75
86.465|75
86.506|75
86.544|75
86.589|75
86.637|75
86.675|75
86.720|75
86.771|75
86.822|75
86.864|75
86.909|75
86.946|75
86.988|75
87.038|75
87.076|75
87.118|75
87.166|75
87.203|75
87.255|75
87.294|75
87.339|75
87.382|75
87.422|75
87.462|75
87.506|75
87.546|75
87.589|75
87.647|75
87.684|75
87.735|50
87.784|50
87.828|75
87.872|75
87.922|75
87.960|75
87.998|75
88.043|75
88.081|100
88.122|100
88.171|100
88.212|100
88.260|100
88.305|100
88.345|100
88.387|100
88.436|100
88.474|100
88.520|100
88.560|75
88.602|75
88.646|75
88.685|75
88.732|75
88.812|75
88.859|75
88.902|100
88.952|75
88.993|75
89.037|100
89.081|100
89.125|100
89.166|75
89.215|75
89.255|75
89.297|75
89.344|75
89.385|75
89.430|75
89.495|75
89.536|50
89.580|50
89.625|50
89.675|50
89.714|50
89.759|50
89.804|50
89.844|50
89.887|50
89.930|50
89.965|50
90.013|50
90.052|50
90.099|50
90.148|50
90.189|50
90.233|50
90.277|50
90.315|75
90.360|75
90.407|75
90.445|75
90.484|75
90.532|75
90.568|75
90.611|75
90.653|75
90.698|75
90.750|75
90.796|75
90.843|75
90.886|75
90.933|75
90.971|75
91.016|75
91.059|75
91.103|75
91.146|75
91.187|75
91.232|100
91.278|100
91.315|100
91.361|75
91.402|75
91.441|100
91.485|75
91.532|75
91.575|75
91.616|75
91.693|75
91.740|75
91.788|75
91.839|75
91.890|75
91.933|75
91.977|75
92.024|50
92.072|50
92.108|75
92.151|50
92.192|50
92.226|50
92.271|50
92.310|50
92.354|50
92.400|50
92.440|50
92.491|50
92.536|50
92.584|50
92.627|50
92.670|50
92.708|50
92.781|50
92.838|50
92.887|50
92.928|50
92.974|50
93.015|50
93.057|50
93.107|50
93.144|50
93.186|50
93.232|50
93.270|50
93.326|50
93.367|50
93.408|50
93.450|50
93.496|50
93.532|50
93.578|50
93.620|50
93.664|50
93.714|50
93.758|50
93.802|50
93.852|50
93.890|50
93.932|50
93.977|50
94.017|50
94.058|50
94.102|50
94.140|50
94.196|50
94.242|50
94.281|50
94.327|50
94.377|50
94.412|50
94.450|50
94.494|50
94.530|50
94.574|50
94.612|50
94.655|50
94.700|50
94.736|50
94.783|50
94.831|50
94.878|50
94.921|50
94.967|50
95.007|50
95.053|50
95.098|50
95.137|50
95.183|50
95.226|50
95.268|50
95.315|50
95.360|50
95.404|50
95.447|50
95.484|50
95.526|50
95.571|50
95.613|50
95.658|50
95.706|50
95.747|50
95.789|50
95.841|50
95.883|50
95.931|50
95.974|50
96.013|50
96.056|50
96.103|50
96.140|50
96.187|50
96.226|50
96.270|50
96.318|50
96.359|50
96.403|50
96.448|50
96.488|50
96.533|50
96.581|50
96.622|50
96.665|50
96.733|50
96.775|50
96.824|50
96.875|50
96.931|50
96.972|50
97.017|50
97.059|50
97.104|50
97.172|50
97.214|50
97.261|50
97.305|75
97.348|75
97.391|75
97.433|75
97.479|75
97.519|75
97.564|75
97.611|75
97.653|75
97.700|75
97.751|75
97.789|75
97.836|75
97.886|75
97.932|75
97.971|75
98.020|75
98.072|75
98.113|75
98.155|75
98.203|50
98.246|50
98.287|50
98.333|50
98.369|50
98.415|75
98.454|75
98.494|75
98.542|75
98.581|75
98.626|75
98.674|75
98.710|75
98.755|75
98.799|75
98.849|75
98.907|75
98.959|75
99.002|75
99.045|75
99.091|75
99.136|75
99.171|75
99.215|50
99.253|50
99.295|50
99.342|75
99.384|50
99.428|50
99.476|75
99.513|75
99.555|75
99.603|75
99.643|75
99.687|75
99.733|75
99.772|75
99.816|75
99.863|75
99.910|75
99.979|75
100.026|75
100.072|75
100.109|75
100.152|50
100.195|50
100.230|50
100.278|75
100.334|50
100.378|50
100.423|50
100.471|50
100.510|50
100.556|50
100.601|50
100.640|50
100.686|50
100.752|50
100.799|50
100.847|50
100.899|50
100.947|50
100.993|50
101.044|50
101.088|50
101.141|50
101.184|50
101.229|75
101.276|75
101.320|75
101.369|75
101.406|75
101.467|75
101.510|75
101.548|75
101.588|75
101.638|75
101.679|75
101.720|75
101.768|75
101.807|75
101.851|75
101.897|75
101.944|75
101.992|75
102.038|75
102.076|75
102.121|75
102.163|75
102.204|50
102.252|50
102.298|50
102.342|50
102.384|50
102.426|50
102.469|50
102.515|50
102.558|50
102.599|50
102.648|50
102.686|50
102.732|50
102.779|50
102.821|50
102.871|50
102.918|50
102.957|50
102.996|50
103.056|50
103.096|50
103.138|50
103.183|50
103.228|50
103.268|50
103.319|50
103.359|50
103.405|50
103.454|50
103.492|50
103.540|50
103.588|50
103.632|50
103.672|50
103.717|50
103.758|50
103.799|50
103.845|50
103.885|50
103.928|50
103.974|50
104.016|50
104.063|50
104.112|50
104.154|50
104.201|50
104.252|50
104.297|50
104.342|50
104.388|50
104.431|50
104.480|50
104.525|50
104.574|50
104.626|50
104.672|50
104.744|50
104.794|50
104.835|50
104.900|50
104.941|50
104.986|50
105.030|50
105.075|50
105.115|50
105.163|50
105.216|50
105.261|50
105.305|50
105.352|50
105.396|50
105.439|50
105.485|50
105.525|50
105.569|50
105.613|50
105.652|50
105.694|50
105.740|50
105.778|50
105.828|50
105.878|50
105.918|50
105.959|50
106.005|50
106.046|50
106.091|50
106.139|50
106.178|50
106.226|50
106.271|50
106.319|50
106.369|50
106.420|50
106.462|50
106.509|50
106.555|50
106.599|50
106.638|50
106.683|50
106.726|50
106.765|50
106.813|50
106.858|50
106.921|50
106.969|50
107.013|50
107.062|50
107.105|50
107.150|50
107.193|50
107.242|50
107.290|50
107.333|50
107.376|50
107.424|50
107.468|50
107.513|50
107.560|50
107.600|50
107.645|50
107.712|50
107.763|50
107.810|50
107.851|50
107.897|50
107.945|50
107.988|50
108.037|50
108.084|50
108.127|50
108.168|50
108.215|50
108.262|50
108.310|50
108.359|50
108.409|50
108.445|50
108.500|50
108.547|50
108.588|50
108.633|50
108.680|50
108.744|50
108.792|50
108.835|50
108.882|50
108.925|50
108.970|50
109.013|50
109.058|50
109.100|50
109.145|50
109.189|50
109.230|50
109.278|50
109.324|50
109.364|50
109.405|50
109.448|50
109.491|50
109.530|50
109.576|50
109.611|50
109.653|50
109.699|50
109.738|50
109.787|50
109.824|50
109.865|50
109.914|50
109.952|50
109.994|50
110.037|50
110.072|50
110.115|50
110.154|50
110.196|50
110.244|50
110.289|50
110.339|50
110.387|50
110.432|50
110.474|50
110.517|50
110.556|50
110.597|50
110.640|75
110.674|75
110.717|75
110.757|75
110.798|75
110.846|75
110.904|75
110.953|75
111.002|75
111.046|75
111.084|75
111.125|75
111.169|75
111.206|75
111.251|75
111.286|75
111.336|75
111.383|75
111.422|75
111.469|75
111.512|75
111.555|75
111.603|75
111.642|75
111.686|75
111.728|75
111.766|75
111.813|75
111.850|75
111.892|75
111.941|75
111.979|100
112.022|75
112.076|75
112.115|75
112.156|75
112.201|75
112.237|75
112.280|75
112.318|75
112.365|100
112.414|100
112.454|100
112.495|100
112.544|100
112.579|100
112.625|100
112.703|100
112.745|100
112.790|100
112.836|100
112.872|75
112.918|75
112.959|75
112.999|75
113.046|75
113.085|75
113.127|50
113.173|50
113.216|50
113.258|50
113.301|50
113.344|50
113.396|50
113.437|50
113.475|50
113.527|50
113.568|50
113.611|50
113.657|50
113.695|50
113.736|50
113.784|50
113.825|50
113.866|50
113.917|50
113.958|50
113.998|50
114.043|50
114.078|50
114.122|50
114.159|50
114.203|50
114.245|50
114.285|75
114.336|75
114.387|75
114.433|75
114.474|75
114.519|75
114.559|75
114.599|75
114.643|75
114.681|75
114.724|75
114.772|75
114.812|75
114.862|75
114.903|50
114.947|75
114.995|75
115.045|50
115.080|50
115.124|75
115.169|50
115.205|75
115.248|75
115.294|75
115.337|75
115.382|75
115.426|75
115.474|75
115.521|75
115.566|50
115.607|100
115.654|100
115.699|100
115.740|100
115.786|100
115.823|100
115.861|100
115.913|100
115.955|100
116.002|100
116.056|100
116.103|75
116.152|75
116.194|75
116.246|75
116.283|75
116.325|100
116.372|100
116.410|100
116.457|100
116.501|75
116.544|75
116.588|75
116.629|75
116.675|75
116.769|75
116.809|75
116.852|75
116.890|50
116.933|50
116.981|50
117.024|50
117.072|50
117.118|50
117.164|50
117.208|50
117.253|50
117.333|50
117.381|50
117.428|50
117.472|50
117.521|50
117.562|50
117.605|50
117.650|50
117.720|50
117.769|50
117.816|75
117.862|75
117.912|75
117.952|75
117.995|75
118.039|75
118.080|75
118.127|75
118.170|75
118.218|75
118.263|75
118.307|75
118.342|75
118.394|75
118.438|75
118.487|75
118.533|75
118.580|75
118.617|75
118.659|75
118.703|75
118.738|75
118.784|75
118.829|75
118.869|75
118.912|75
118.956|75
119.000|75
119.047|75
119.090|75
119.133|75
119.178|75
119.216|75
119.260|75
119.304|75
119.341|75
119.388|75
119.433|75
119.511|75
119.556|75
119.601|75
119.648|75
119.684|75
119.726|75
119.772|75
119.822|100
119.865|100
119.948|100
119.986|100
120.032|100
120.073|100
120.123|100
120.165|100
120.212|100
120.257|100
120.297|100
120.340|75
120.383|75
120.425|75
120.473|75
120.526|75
120.567|75
120.608|75
120.656|75
120.703|75
120.793|75
120.841|50
120.883|50
120.924|50
120.963|50
121.004|50
121.048|50
121.087|75
121.130|50
121.179|50
121.216|75
121.264|75
121.347|75
121.388|75
121.438|75
121.489|75
121.534|75
121.581|75
121.622|75
121.666|75
121.712|50
121.747|50
121.793|50
121.841|50
121.881|50
121.922|50
121.964|50
122.009|50
122.052|50
122.106|50
122.148|50
122.191|50
122.233|50
122.269|75
122.313|50
122.349|50
122.391|50
122.434|50
122.477|50
122.526|50
122.570|50
122.615|50
122.671|50
122.712|50
122.755|50
122.794|50
122.843|50
122.878|50
122.921|50
122.965|50
123.006|50
123.055|50
123.094|50
123.141|50
123.185|50
123.224|50
123.264|50
123.310|50
123.348|50
123.393|50
123.438|50
123.475|50
123.523|50
123.572|50
123.619|50
123.670|50
123.721|50
123.762|50
123.805|50
123.851|50
123.890|50
123.932|50
123.974|75
124.012|75
124.055|75
124.093|75
124.137|75
124.186|75
124.229|75
124.273|75
124.317|75
124.356|75
124.400|75
124.448|75
124.489|75
124.531|75
124.583|75
124.634|75
124.679|75
124.742|75
124.784|75
124.830|75
124.871|75
124.916|75
124.997|75
125.043|75
125.089|75
125.136|75
125.183|75
125.222|75
125.306|75
125.354|75
125.399|75
125.444|75
125.481|75
125.528|75
125.570|75
125.612|75
125.659|75
125.700|75
125.742|75
125.788|75
125.826|75
125.871|75
125.918|50
125.973|50
126.018|50
126.061|50
126.104|50
126.142|50
126.188|50
126.226|50
126.269|50
126.313|50
126.348|50
126.394|50
126.437|50
126.477|50
126.524|50
126.600|50
126.652|50
126.748|50
126.798|50
126.853|50
126.911|50
126.964|50
127.013|50
127.065|50
127.111|50
127.169|50
127.226|50
127.277|50
127.330|50
127.377|50
127.428|50
127.476|50
127.529|50
127.581|50
127.638|50
127.687|50
127.743|50
127.799|50
127.845|50
127.896|50
127.942|50
127.991|50
128.035|50
128.089|50
128.138|50
128.192|50
128.235|50
128.287|50
128.339|50
128.388|50
128.429|50
128.475|50
128.526|50
128.570|50
128.614|50
128.657|50
128.700|50
128.755|50
128.805|50
128.854|50
128.899|50
128.945|50
128.997|50
129.037|50
129.081|50
129.150|50
129.201|50
129.249|50
129.286|50
129.327|50
129.378|50
129.419|50
129.469|50
129.517|50
129.563|50
129.607|50
129.654|50
129.696|50
129.739|50
129.786|50
129.827|50
129.867|50
129.911|50
129.949|50
129.996|50
130.038|50
130.117|50
130.160|50
130.203|50
130.247|50
130.284|50
130.330|50
130.371|50
130.413|50
130.455|50
130.503|50
130.548|50
130.599|50
130.644|50
130.694|50
130.739|50
130.787|50
130.830|50
130.874|50
130.931|50
130.969|50
131.011|50
131.055|50
131.094|50
131.136|75
131.180|75
131.216|75
131.265|75
131.311|75
131.351|75
131.394|75
131.448|75
131.484|75
131.527|75
131.566|75
131.608|75
131.660|75
131.708|75
131.754|100
131.802|100
131.845|100
131.881|100
131.956|100
131.997|100
132.042|100
132.081|100
132.127|100
132.168|100
132.210|100
132.258|100
132.297|100
132.341|75
132.387|75
132.431|75
132.474|75
132.517|75
132.554|75
132.594|75
132.643|75
132.681|75
132.723|50
132.768|50
132.808|50
132.981|50
133.057|50
133.106|75
133.177|50
133.221|50
133.296|50
133.360|50
133.405|50
133.449|50
133.490|50
133.536|50
133.581|50
133.617|50
133.665|50
133.707|50
133.750|75
133.792|75
133.841|75
133.885|75
133.938|75
133.985|75
134.027|75
134.077|75
134.126|75
134.172|75
134.210|75
134.255|75
134.297|75
134.341|75
134.386|75
134.421|75
134.463|75
134.510|75
134.547|75
134.594|75
134.633|75
134.690|75
134.737|75
134.781|75
134.825|75
134.868|75
134.919|50
134.966|50
135.014|50
135.064|50
135.107|50
135.164|50
135.226|50
135.271|50
135.318|50
135.358|50
135.399|50
135.450|50
135.497|50
135.539|50
135.583|50
135.619|50
135.662|50
135.708|50
135.750|75
135.803|75
135.845|75
135.894|50
135.939|50
135.992|50
136.037|50
136.082|50
136.130|50
136.171|50
136.214|50
136.262|50
136.305|50
136.351|50
136.403|50
136.449|50
136.494|50
136.546|50
136.597|50
136.643|50
136.690|50
136.733|50
136.781|50
136.818|50
136.865|50
136.914|50
136.960|50
137.007|50
137.088|50
137.125|50
137.171|50
137.215|50
137.303|50
137.338|50
137.388|50
137.426|50
137.468|50
137.519|50
137.562|50
137.617|75
137.665|75
137.710|75
137.754|75
137.796|75
137.844|75
137.880|75
137.929|75
137.970|75
138.013|75
138.060|75
138.105|75
138.152|75
138.197|75
138.254|75
138.291|75
138.334|75
138.380|75
138.418|75
138.462|75
138.508|75
138.551|75
138.598|75
138.649|75
138.694|75
138.740|75
138.794|75
138.845|75
138.890|75
138.936|50
138.984|50
139.021|50
139.064|50
139.113|50
139.150|50
139.195|50
139.239|50
139.292|50
139.337|50
139.382|50
139.417|50
139.459|50
139.502|50
139.546|50
139.593|50
139.632|50
139.682|50
139.729|50
139.779|50
139.825|50
139.876|50
139.926|50
139.966|50
140.007|50
140.053|50
140.093|50
140.137|50
140.183|50
140.222|50
140.264|50
140.311|50
140.348|50
140.396|50
140.443|50
140.487|50
140.536|50
140.581|50
140.618|50
140.662|50
140.705|50
140.748|50
140.798|50
140.840|50
140.888|50
140.934|50
140.987|50
141.025|50
141.067|50
141.123|50
141.160|50
141.206|50
141.250|50
141.288|50
141.330|50
141.404|50
141.455|50
141.500|50
141.548|50
141.591|50
141.637|50
141.723|50
141.765|50
141.815|50
141.859|75
141.905|75
141.957|75
142.012|75
142.060|75
142.107|75
142.154|75
142.196|100
142.237|100
142.285|100
142.334|100
142.378|100
142.425|100
142.466|100
142.508|100
142.555|100
142.592|100
142.633|100
142.682|100
142.720|100
142.770|100
142.824|100
142.873|100
142.920|100
142.971|75
143.019|75
143.061|100
143.101|100
143.148|100
143.181|100
143.225|100
143.267|100
143.310|100
143.360|100
143.404|100
143.443|100
143.492|100
143.536|100
143.579|100
143.624|100
143.664|100
143.709|100
143.756|100
143.799|100
143.846|100
143.893|100
143.945|100
143.989|100
144.030|100
144.075|100
144.109|100
144.153|100
144.196|100
144.240|100
144.283|100
144.324|100
144.371|100
144.418|100
144.456|100
144.539|100
144.582|100
144.625|100
144.664|100
144.740|100
144.790|100
144.832|100
144.881|100
144.919|100
144.965|100
145.036|100
145.083|100
145.130|100
145.171|75
145.222|75
145.262|75
145.300|75
145.346|75
145.398|75
145.473|75
145.515|75
145.561|75
145.603|75
145.647|75
145.694|75
145.744|75
145.786|75
145.831|75
145.868|75
145.909|75
145.954|75
145.990|75
146.029|75
146.075|75
146.126|75
146.171|75
146.220|75
146.259|75
146.300|75
146.348|75
146.381|50
146.426|50
146.467|75
146.509|75
146.559|50
146.599|50
146.640|50
146.689|50
146.728|50
146.777|25
146.826|25
146.864|25
146.907|25
146.952|25
147.022|25
147.067|25
147.108|25
147.156|25
147.193|50
147.235|50
147.282|50
147.318|50
147.364|50
147.413|50
147.450|25
147.498|25
147.534|25
147.584|25
147.638|25
147.688|25
147.739|25
147.786|25
147.833|25
147.873|25
147.918|50
147.964|50
148.009|50
148.046|50
148.105|50
148.148|50
148.192|50
148.233|50
148.280|50
148.320|50
148.367|75
148.408|75
148.452|75
148.503|75
148.546|75
148.624|75
148.670|75
148.710|75
148.759|75
148.800|75
148.845|75
148.888|75
148.929|75
148.969|75
149.030|75
149.074|75
149.116|75
149.163|75
149.208|75
149.251|75
149.295|75
149.335|75
149.372|75
149.416|50
149.452|75
149.495|75
149.537|50
149.606|50
149.649|50
149.695|50
149.744|50
149.787|50
149.835|50
149.878|50
149.919|50
149.966|50
150.008|50
150.050|50
150.092|50
150.138|50
150.173|50
150.220|50
150.261|50
150.304|50
150.352|50
150.387|50
150.430|50
150.472|50
150.513|50
150.591|50
150.640|50
150.686|50
150.729|50
150.774|50
150.825|50
150.874|50
150.918|50
150.964|50
151.007|50
151.051|50
151.103|50
151.156|50
151.204|50
151.245|50
151.287|50
151.322|50
151.366|50
151.407|50
151.452|50
151.502|50
151.544|50
151.583|50
151.625|50
151.664|50
151.707|50
151.756|50
151.797|50
151.849|50
151.896|50
151.935|50
151.977|50
152.027|50
152.069|50
152.120|50
152.166|50
152.204|50
152.252|50
152.302|50
152.354|50
152.405|50
152.444|50
152.485|50
152.527|50
152.572|50
152.615|50
152.679|50
152.719|50
152.765|50
152.807|50
152.872|50
152.909|50
152.947|50
152.989|50
153.026|50
153.070|50
153.120|50
153.159|50
153.214|50
153.267|50
153.329|50
153.399|50
153.453|25
153.496|25
153.535|50
153.585|50
153.620|50
153.691|50
153.735|50
153.778|50
153.836|50
153.878|50
153.918|75
153.968|75
154.007|75
154.052|50
154.099|50
154.138|50
154.179|50
154.223|50
154.262|75
154.302|75
154.350|75
154.389|75
154.435|75
154.476|75
154.518|75
154.601|75
154.641|75
154.690|75
154.728|75
154.771|75
154.820|75
154.858|75
154.905|75
154.950|75
155.002|75
155.049|75
155.098|75
155.141|75
155.188|75
155.236|75
155.276|75
155.322|100
155.373|100
155.418|100
155.463|100
155.510|100
155.567|100
155.611|100
155.657|100
155.707|100
155.759|100
155.804|100
155.850|100
155.899|100
155.938|100
155.981|100
156.029|100
156.067|100
156.115|100
156.165|100
156.240|100
156.293|100
156.347|75
156.399|100
156.470|100
156.518|100
156.565|100
156.630|100
156.682|100
156.726|100
156.775|100
156.825|100
156.868|100
156.916|75
156.960|75
156.998|75
157.055|75
157.103|75
157.145|75
157.191|75
157.238|75
157.288|75
157.336|75
157.378|75
157.425|75
157.498|75
157.549|75
157.590|75
157.636|75
157.682|75
157.720|75
157.762|75
157.806|75
157.848|50
157.892|50
157.932|50
157.981|50
158.028|50
158.096|50
158.148|50
158.201|50
158.244|50
158.292|50
158.341|50
158.391|50
158.438|50
158.483|50
158.529|50
158.573|50
158.614|50
158.668|50
158.713|75
158.760|75
158.800|75
158.844|75
158.881|50
158.937|50
158.980|50
159.027|50
159.074|75
159.122|75
159.167|75
159.213|50
159.263|50
159.303|50
159.342|50
159.389|50
159.426|50
159.470|50
159.519|50
159.557|50
159.607|50
159.655|50
159.692|50
159.742|50
159.794|50
159.841|50
159.887|50
159.955|50
159.997|50
160.046|50
160.093|50
160.140|50
160.190|50
160.230|50
160.275|50
160.323|50
160.361|50
160.404|50
160.454|50
160.498|50
160.538|50
160.583|50
160.622|50
160.668|50
160.712|50
160.757|50
160.803|50
160.845|50
160.894|50
160.936|50
160.980|50
161.015|50
161.092|50
161.131|50
161.179|50
161.226|50
161.286|50
161.337|50
161.383|50
161.429|50
161.476|50
161.525|50
161.568|50
161.617|50
161.663|50
161.709|50
161.763|75
161.814|75
161.865|75
161.911|75
161.958|75
162.007|100
162.050|100
162.093|100
162.145|100
162.192|100
162.229|100
162.273|100
162.322|100
162.360|100
162.412|100
162.483|100
162.527|100
162.575|75
162.616|75
162.663|75
162.704|75
162.746|100
162.787|100
162.827|100
162.873|100
162.921|100
162.964|100
163.010|100
163.056|100
163.097|100
163.153|100
163.200|100
163.242|100
163.283|100
163.325|100
163.361|100
163.407|100
163.454|100
163.490|100
163.533|100
163.592|100
163.642|100
163.689|100
163.773|100
163.812|100
163.861|100
163.903|100
163.947|100
163.993|100
164.038|100
164.090|100
164.146|100
164.190|100
164.239|100
164.284|75
164.332|75
164.372|75
164.413|75
164.459|75
164.499|75
164.544|75
164.589|75
164.626|75
164.675|75
164.726|75
164.767|75
164.815|75
164.867|75
164.906|75
164.944|75
164.991|75
165.028|75
165.074|75
165.122|75
165.168|75
165.215|75
165.268|75
165.346|75
165.399|75
165.453|75
165.506|75
165.563|75
165.609|75
165.658|75
165.717|75
165.767|75
165.815|75
165.869|75
165.922|75
165.978|75
166.027|75
166.084|75
166.132|75
166.175|75
166.219|75
166.267|75
166.308|50
166.353|50
166.403|50
166.446|50
166.501|50
166.545|75
166.594|75
166.634|50
166.691|50
166.739|50
166.786|50
166.842|50
166.915|50
166.965|50
167.011|50
167.061|50
167.107|50
167.160|50
167.205|50
167.282|50
167.328|50
167.378|50
167.425|50
167.464|50
167.508|50
167.556|50
167.597|50
167.644|50
167.690|50
167.731|50
167.779|50
167.824|50
167.862|50
167.906|50
167.949|50
167.990|50
168.034|50
168.071|50
168.113|50
168.163|50
168.215|50
168.260|50
168.336|50
168.382|50
168.436|50
168.480|50
168.552|50
168.601|50
168.650|75
168.700|75
168.748|100
168.799|100
168.844|100
168.894|100
168.934|100
168.980|100
169.026|100
169.071|75
169.124|75
169.178|75
169.222|75
169.277|75
169.326|75
169.377|75
169.423|75
169.459|75
169.538|100
169.573|100
169.617|100
169.653|100
169.734|100
169.776|100
169.825|100
169.865|100
169.911|100
169.960|100
169.999|100
170.045|100
170.094|100
170.129|100
170.172|100
170.226|100
170.265|100
170.309|100
170.357|100
170.402|100
170.447|100
170.497|100
170.547|100
170.592|100
170.642|100
170.690|100
170.726|100
170.779|100
170.834|100
170.875|100
170.920|100
170.967|100
171.010|100
171.054|100
171.101|100
171.139|100
171.184|100
171.227|100
171.287|100
171.340|100
171.385|100
171.431|100
171.477|100
171.521|100
171.571|100
171.614|75
171.659|75
171.706|75
171.748|75
171.790|75
171.868|75
171.907|75
171.953|75
171.992|75
172.039|75
172.090|75
172.127|75
172.173|75
172.214|75
172.259|50
172.303|50
172.349|50
172.396|50
172.465|50
172.513|50
172.562|50
172.601|50
172.647|50
172.695|50
172.735|75
172.780|75
172.835|75
172.882|75
172.931|75
172.977|75
173.027|75
173.068|75
173.113|75
173.174|75
173.233|75
173.285|75
173.330|75
173.413|75
173.457|75
173.509|75
173.554|75
173.599|75
173.643|75
173.690|75
173.727|75
173.785|75
173.825|75
173.867|75
173.906|75
173.957|75
173.994|75
174.042|75
174.091|75
174.129|75
174.172|75
174.217|75
174.253|75
174.297|75
174.333|75
174.383|75
174.428|75
174.481|75
174.523|75
174.573|75
174.615|75
174.658|75
174.703|75
174.743|75
174.784|75
174.840|75
174.878|75
174.920|75
174.969|75
175.006|75
175.048|50
175.091|50
