0.000|0
0.333|0
0.380|0
0.411|0
0.452|0
0.487|0
0.525|0
0.570|0
0.597|0
0.644|0
0.677|0
0.717|0
0.751|0
0.794|0
0.828|0
0.865|0
0.912|0
0.946|0
0.990|0
1.037|0
1.074|0
1.130|0
1.171|0
1.214|0
1.258|0
1.297|0
1.339|0
1.387|0
1.424|0
1.465|0
1.509|0
1.545|0
1.591|0
1.629|0
1.671|0
1.717|0
1.750|0
1.793|0
1.828|0
1.865|0
1.907|0
1.936|0
1.978|0
2.009|0
2.050|0
2.084|0
2.125|0
2.170|0
2.200|0
2.243|0
2.276|0
2.316|0
2.351|0
2.394|0
2.435|0
2.467|0
2.513|0
2.546|0
2.589|0
2.626|0
2.665|0
2.704|0
2.747|0
2.780|0
2.822|0
2.857|0
2.901|0
2.946|0
2.982|0
3.027|0
3.062|0
3.102|0
3.144|0
3.177|0
3.226|0
3.264|0
3.305|0
3.346|0
3.378|0
3.421|0
3.456|0
3.498|0
3.542|0
3.574|0
3.618|0
3.654|0
3.697|0
3.744|0
3.777|0
3.822|0
3.857|0
3.899|0
3.943|0
3.977|0
4.028|0
4.069|0
4.113|0
4.161|0
4.200|0
4.240|0
4.285|0
4.349|0
4.395|0
4.443|0
4.488|0
4.531|0
4.575|0
4.611|0
4.655|0
4.696|0
4.731|0
4.775|0
4.808|0
4.858|0
4.903|0
4.953|0
4.998|0
5.048|0
5.092|0
5.147|0
5.200|0
5.245|0
5.299|0
5.345|0
5.400|0
5.451|0
5.493|0
5.543|0
5.596|0
5.640|0
5.688|0
5.735|0
5.787|0
5.832|0
5.875|0
5.927|0
5.971|0
6.019|0
6.069|0
6.117|0
6.163|0
6.207|0
6.257|0
6.310|0
6.353|0
6.401|0
6.453|0
6.498|0
6.544|0
6.596|0
6.640|0
6.685|0
6.734|0
6.784|0
6.828|0
6.875|0
6.926|0
6.973|0
7.027|0
7.074|0
7.121|0
7.162|0
7.214|0
7.264|0
7.310|0
7.359|0
7.417|0
7.467|0
7.522|0
7.568|0
7.617|0
7.672|0
7.722|0
7.767|0
7.822|0
7.870|0
7.916|0
7.965|0
8.004|0
8.045|0
8.089|0
8.126|0
8.171|0
8.213|0
8.275|0
8.318|0
8.361|0
8.403|0
8.437|0
8.480|0
8.515|0
8.560|0
8.606|0
8.642|0
8.686|0
8.720|0
8.769|0
8.814|0
8.848|0
8.892|0
8.928|0
8.973|0
9.019|0
9.056|0
9.101|0
9.150|0
9.184|0
9.229|0
9.270|0
9.311|0
9.360|0
9.398|0
9.437|0
9.482|0
9.518|0
9.567|0
9.615|1
9.647|1
9.693|1
9.731|1
9.775|1
9.826|1
9.862|1
9.902|1
9.949|1
9.985|1
10.031|1
10.078|1
10.111|1
10.158|1
10.196|1
10.240|1
10.287|1
10.323|1
10.369|1
10.416|1
10.451|1
10.497|1
10.534|1
10.577|1
10.627|1
10.668|1
10.711|1
10.755|1
10.795|1
10.838|1
10.893|1
10.927|1
10.973|1
11.022|1
11.062|1
11.107|1
11.152|1
11.188|1
11.230|1
11.277|1
11.311|1
11.359|1
11.395|1
11.450|1
11.498|1
11.538|1
11.582|1
11.629|1
11.667|1
11.710|1
11.756|1
11.795|1
11.836|1
11.882|1
11.918|1
11.965|1
12.006|1
12.060|1
12.106|1
12.154|1
12.219|1
12.267|1
12.307|1
12.352|1
12.389|1
12.434|1
12.522|1
12.567|1
12.618|1
12.654|1
12.700|1
12.749|1
12.783|1
12.827|1
12.864|1
12.907|1
12.954|1
12.991|1
13.030|1
13.072|1
13.107|1
13.155|1
13.193|1
13.237|1
13.280|1
13.315|1
13.363|1
13.402|1
13.445|1
13.491|1
13.526|1
13.568|1
13.618|1
13.654|1
13.703|1
13.751|1
13.788|1
13.834|1
13.885|1
13.922|1
13.965|1
14.011|1
14.046|1
14.095|1
14.132|1
14.182|1
14.254|1
14.300|1
14.342|1
14.386|1
14.435|1
14.484|1
14.526|1
14.574|1
14.631|1
14.673|1
14.718|1
14.761|1
14.812|1
14.847|1
14.896|1
14.937|1
14.989|1
15.047|1
15.094|1
15.134|1
15.178|1
15.227|1
15.266|1
15.315|1
15.400|1
15.446|1
15.494|1
15.535|1
15.584|1
15.628|1
15.666|1
15.710|1
15.763|1
15.806|1
15.850|1
15.895|1
15.933|1
15.974|1
16.024|1
16.063|1
16.141|1
16.188|1
16.233|1
16.276|1
16.319|1
16.365|1
16.411|1
16.443|1
16.490|1
16.526|1
16.568|1
16.617|1
16.658|1
16.702|1
16.753|1
16.791|1
16.836|1
16.882|1
16.919|1
16.982|1
17.032|1
17.092|1
17.138|1
17.182|1
17.229|1
17.269|1
17.313|1
17.363|1
17.403|1
17.450|1
17.497|1
17.546|1
17.586|1
17.635|1
17.680|1
17.726|1
17.767|1
17.814|1
17.861|1
17.904|1
17.984|1
18.029|1
18.072|1
18.119|1
18.156|1
18.200|1
18.248|1
18.285|1
18.334|1
18.377|1
18.421|1
18.468|1
18.517|1
18.555|1
18.598|1
18.643|1
18.679|1
18.725|1
18.762|1
18.807|1
18.852|1
18.891|1
18.938|1
18.988|1
19.031|1
19.076|1
19.126|1
19.163|1
19.213|1
19.257|1
19.302|1
19.349|1
19.388|1
19.433|1
19.480|1
19.517|1
19.567|1
19.612|1
19.657|1
19.703|1
19.747|1
19.780|1
19.828|1
19.864|1
19.909|1
19.956|1
20.019|1
20.066|1
20.117|1
20.165|1
20.210|1
20.257|1
20.297|1
20.339|1
20.387|1
20.422|1
20.467|1
20.506|1
20.549|1
20.596|1
20.634|1
20.679|1
20.727|1
20.767|1
20.813|1
20.858|1
20.892|1
20.938|1
20.986|1
21.022|1
21.072|1
21.119|1
21.153|1
21.200|1
21.242|1
21.287|1
21.335|1
21.378|1
21.424|1
21.469|1
21.518|1
21.557|1
21.600|1
21.648|1
21.684|1
21.729|1
21.767|1
21.815|1
21.866|1
21.908|1
21.952|1
21.998|1
22.037|1
22.080|1
22.128|1
22.166|1
22.213|1
22.260|1
22.302|2
22.349|2
22.399|2
22.442|2
22.487|2
22.537|2
22.577|2
22.629|2
22.675|2
22.730|2
22.772|2
22.818|2
22.865|2
22.907|2
22.952|2
23.009|2
23.059|2
23.100|2
23.145|2
23.192|2
23.229|2
23.277|2
23.324|2
23.364|2
23.408|2
23.454|2
23.489|2
23.535|2
23.583|2
23.622|2
23.674|2
23.722|2
23.760|2
23.803|2
23.849|2
23.884|2
23.928|2
23.965|2
24.012|2
24.090|2
24.139|2
24.184|2
24.237|2
24.279|2
24.321|2
24.365|2
24.402|2
24.446|2
24.493|2
24.531|2
24.576|2
24.621|2
24.661|2
24.708|2
24.763|2
24.805|2
24.848|2
24.894|2
24.935|2
24.979|2
25.026|2
25.068|2
25.113|2
25.159|2
25.200|2
25.245|2
25.294|2
25.332|2
25.378|2
25.421|2
25.459|2
25.503|2
25.547|2
25.582|2
25.629|2
25.666|2
25.710|2
25.760|2
25.799|2
25.841|2
25.887|2
25.924|2
25.975|2
26.026|2
26.174|2
26.227|2
26.274|2
26.314|2
26.358|2
26.401|2
26.447|2
26.497|2
26.540|2
26.585|2
26.631|2
26.672|2
26.715|2
26.760|2
26.801|2
26.848|2
26.895|2
26.935|2
26.976|2
27.021|2
27.062|2
27.105|2
27.151|2
27.187|2
27.231|2
27.270|2
27.314|2
27.360|2
27.399|2
27.447|2
27.493|2
27.531|2
27.578|2
27.627|2
27.670|2
27.723|2
27.775|2
27.822|2
27.864|2
27.908|2
27.958|2
28.002|2
28.046|2
28.098|2
28.165|2
28.211|2
28.247|2
28.291|2
28.328|2
28.370|2
28.416|2
28.452|2
28.495|2
28.533|2
28.572|2
28.616|2
28.655|2
28.697|2
28.737|2
28.777|2
28.825|2
28.866|2
28.913|2
28.963|2
29.005|2
29.049|2
29.100|2
29.140|2
29.189|2
29.238|2
29.280|2
29.325|2
29.372|2
29.416|2
29.463|2
29.511|2
29.559|2
29.599|2
29.642|2
29.691|2
29.732|2
29.776|2
29.824|2
29.866|2
29.912|2
29.960|2
30.001|2
30.045|2
30.092|2
30.132|2
30.173|2
30.221|2
30.257|2
30.299|2
30.339|2
30.380|2
30.430|2
30.478|2
30.530|2
30.573|2
30.615|2
30.650|2
30.692|2
30.729|2
30.771|2
30.817|2
30.855|2
30.900|2
30.940|2
30.978|2
31.025|2
31.065|2
31.105|2
31.151|2
31.192|2
31.233|2
31.278|2
31.315|2
31.362|2
31.401|2
31.445|2
31.492|2
31.532|2
31.574|2
31.617|2
31.657|2
31.701|2
31.745|2
31.787|2
31.831|2
31.867|2
31.907|2
31.952|2
31.990|2
32.032|2
32.072|2
32.114|2
32.203|2
32.299|2
32.383|2
32.472|2
32.521|2
32.564|2
32.605|2
32.651|2
32.686|2
32.730|2
32.770|2
32.819|2
32.863|2
32.904|2
32.946|2
32.991|2
33.027|2
33.073|2
33.112|2
33.151|2
33.195|2
33.233|2
33.277|2
33.331|2
33.379|2
33.433|2
33.485|2
33.541|2
33.582|2
33.624|2
33.668|2
33.707|2
33.747|2
33.792|2
33.826|2
33.869|2
33.916|2
33.954|2
34.001|2
34.042|2
34.084|2
34.126|2
34.163|2
34.206|2
34.249|2
34.286|2
34.328|2
34.366|2
34.409|2
34.456|2
34.499|2
34.543|2
34.590|2
34.631|2
34.672|2
34.719|2
34.751|2
34.794|2
34.830|2
34.872|2
34.919|2
34.956|2
35.002|2
35.045|2
35.090|2
35.138|2
35.179|2
35.219|2
35.265|2
35.302|2
35.344|2
35.391|2
35.427|2
35.473|2
35.522|2
35.558|2
35.604|2
35.646|2
35.690|2
35.739|2
35.781|2
35.821|2
35.864|2
35.905|2
35.944|2
35.990|2
36.026|2
36.071|2
36.114|2
36.154|2
36.197|2
36.237|2
36.284|2
36.359|2
36.409|2
36.452|2
36.500|2
36.543|2
36.586|2
36.632|2
36.672|2
36.713|2
36.759|2
36.798|2
36.843|2
36.887|2
36.921|2
36.969|2
37.008|2
37.050|2
37.096|2
37.135|2
37.175|2
37.221|2
37.256|2
37.299|2
37.334|2
37.373|2
37.420|2
37.465|2
37.511|2
37.559|2
37.599|2
37.643|2
37.689|2
37.726|2
37.769|2
37.807|2
37.847|2
37.894|2
37.932|2
37.978|2
38.026|2
38.063|2
38.109|2
38.158|2
38.198|2
38.242|2
38.288|2
38.322|2
38.368|2
38.407|2
38.450|2
38.500|2
38.545|2
38.590|2
38.642|2
38.681|2
38.720|2
38.766|2
38.807|2
38.848|2
38.896|2
38.938|2
38.978|2
39.021|2
39.058|2
39.100|2
39.139|2
39.178|2
39.223|2
39.258|2
39.302|2
39.342|2
39.379|2
39.425|2
39.461|2
39.508|2
39.554|2
39.590|2
39.634|2
39.670|2
39.711|2
39.756|2
39.794|2
39.839|2
39.878|2
39.917|2
39.961|2
40.001|2
40.041|2
40.086|2
40.125|2
40.172|2
40.216|2
40.259|2
40.293|2
40.364|2
40.415|2
40.458|2
40.506|2
40.547|2
40.592|2
40.637|2
40.675|2
40.715|2
40.759|2
40.795|2
40.839|2
40.881|2
40.917|2
40.960|2
40.996|2
41.040|2
41.082|2
41.117|2
41.158|2
41.195|2
41.238|2
41.276|2
41.316|2
41.359|2
41.395|2
41.435|2
41.479|2
41.523|2
41.568|2
41.607|2
41.649|2
41.696|2
41.738|2
41.785|2
41.833|2
41.871|2
41.915|2
41.963|2
42.002|2
42.043|2
42.088|2
42.124|2
42.175|2
42.213|2
42.253|2
42.298|2
42.335|2
42.380|2
42.423|2
42.462|2
42.507|2
42.549|2
42.580|2
42.625|2
42.660|2
42.711|2
42.757|2
42.797|2
42.840|2
42.887|2
42.921|2
42.960|2
42.996|2
43.038|2
43.082|2
43.117|2
43.160|2
43.194|2
43.236|2
43.275|2
43.316|2
43.362|2
43.403|2
43.441|2
43.486|2
43.524|2
43.567|2
43.604|2
43.645|2
43.691|2
43.730|2
43.778|2
43.826|2
43.868|2
43.911|2
43.957|2
43.994|2
44.035|2
44.080|2
44.113|2
44.158|2
44.194|2
44.239|2
44.277|2
44.317|2
44.390|2
44.437|2
44.481|2
44.529|2
44.566|2
44.610|2
44.652|2
44.686|2
44.732|2
44.773|2
44.821|2
44.866|2
44.923|2
44.971|2
45.014|2
45.061|2
45.098|2
45.138|2
45.183|2
45.218|2
45.264|2
45.302|2
45.342|2
45.386|2
45.422|2
45.467|2
45.504|2
45.548|2
45.595|2
45.632|2
45.677|2
45.719|2
45.753|2
45.799|2
45.846|2
45.887|2
45.933|2
45.969|2
46.010|2
46.055|2
46.091|2
46.138|2
46.184|2
46.229|2
46.273|2
46.319|2
46.358|2
46.400|2
46.439|2
46.480|2
46.527|2
46.565|2
46.610|2
46.656|2
46.695|2
46.738|2
46.788|2
46.823|2
46.869|2
46.908|2
46.949|2
46.995|2
47.028|2
47.075|2
47.117|2
47.153|2
47.196|2
47.234|2
47.277|2
47.324|2
47.361|2
47.409|2
47.451|2
47.487|2
47.532|2
47.565|2
47.608|2
47.652|2
47.687|2
47.732|2
47.768|2
47.811|2
47.863|2
47.906|2
47.960|2
48.006|2
48.049|2
48.089|2
48.133|2
48.171|2
48.212|2
48.259|2
48.293|2
48.334|2
48.400|2
48.448|2
48.489|2
48.536|2
48.573|2
48.618|2
48.662|2
48.698|2
48.738|2
48.783|2
48.823|2
48.869|2
48.910|2
48.955|2
49.001|2
49.044|2
49.083|2
49.131|2
49.169|2
49.211|2
49.258|2
49.292|2
49.338|2
49.377|2
49.417|2
49.463|2
49.502|2
49.546|2
49.590|2
49.631|2
49.676|2
49.727|2
49.766|2
49.812|2
49.859|2
49.900|2
49.954|2
50.002|2
50.046|2
50.087|2
50.137|2
50.179|2
50.219|2
50.286|2
50.328|2
50.373|2
50.413|2
50.460|2
50.499|2
50.542|2
50.585|2
50.620|2
50.662|2
50.699|2
50.745|2
50.793|2
50.851|2
50.892|2
50.935|2
50.974|2
51.020|2
51.070|2
51.112|2
51.156|2
51.201|2
51.243|2
51.287|2
51.338|2
51.384|2
51.430|2
51.472|2
51.522|2
51.568|2
51.610|2
51.658|2
51.695|2
51.741|2
51.780|2
51.822|2
51.869|2
51.909|2
51.953|2
52.001|2
52.044|2
52.092|2
52.138|2
52.179|2
52.221|2
52.266|2
52.303|2
52.395|2
52.440|2
52.487|2
52.540|2
52.590|2
52.637|2
52.686|2
52.733|2
52.771|2
52.815|2
52.862|2
52.899|2
52.944|2
52.989|2
53.028|2
53.075|2
53.122|2
53.166|2
53.208|2
53.252|2
53.289|2
53.333|2
53.375|2
53.421|2
53.469|2
53.508|2
53.552|2
53.596|2
53.640|2
53.689|2
53.741|2
53.786|2
53.834|2
53.879|2
53.927|2
53.967|2
54.016|2
54.068|2
54.112|2
54.157|2
54.208|2
54.250|2
54.302|2
54.345|2
54.388|2
54.423|2
54.469|2
54.507|2
54.551|2
54.594|2
54.636|2
54.677|2
54.723|2
54.757|2
54.809|2
54.849|2
54.894|2
54.941|2
54.978|2
55.019|2
55.066|2
55.107|2
55.154|2
55.203|2
55.247|2
55.289|2
55.338|2
55.379|2
55.425|2
55.473|2
55.512|2
55.553|2
55.595|2
55.635|2
55.679|2
55.724|2
55.758|2
55.804|2
55.842|2
55.885|2
55.930|2
55.970|2
56.017|2
56.065|2
56.099|2
56.143|2
56.192|2
56.231|2
56.276|2
56.317|2
56.364|2
56.409|2
56.482|2
56.532|2
56.582|2
56.627|2
56.675|2
56.719|2
56.762|2
56.806|2
56.853|2
56.903|2
56.952|2
56.997|2
57.044|2
57.086|2
57.139|2
57.192|2
57.245|2
57.287|2
57.332|2
57.377|2
57.425|2
57.465|2
57.511|2
57.558|2
57.599|2
57.646|2
57.695|2
57.748|2
57.797|2
57.842|2
57.887|2
57.921|2
57.966|2
58.003|2
58.044|2
58.089|2
58.130|2
58.176|2
58.218|2
58.258|2
58.303|2
58.348|2
58.394|2
58.441|2
58.479|2
58.521|2
58.569|2
58.608|2
58.652|2
58.701|2
58.745|2
58.794|2
58.841|2
58.880|2
58.928|2
58.975|2
59.019|2
59.062|2
59.099|2
59.146|2
59.190|2
59.231|2
59.283|2
59.324|2
59.365|2
59.420|2
59.462|2
59.513|2
59.557|2
59.602|2
59.644|2
59.682|2
59.729|2
59.765|2
59.809|2
59.850|2
59.890|2
59.934|2
59.975|2
60.020|2
60.069|2
60.109|2
60.153|2
60.202|2
60.248|2
60.296|2
60.346|2
60.388|2
60.432|2
60.495|2
60.534|2
60.582|2
60.626|2
60.676|2
60.714|2
60.755|2
60.802|2
60.839|2
60.880|2
60.924|2
60.964|2
61.010|2
61.050|2
61.121|2
61.169|2
61.218|2
61.266|2
61.311|2
61.370|2
61.417|2
61.466|2
61.506|2
61.549|2
61.591|2
61.631|2
61.686|2
61.729|2
61.778|2
61.824|2
61.872|2
61.914|2
61.956|2
62.002|2
62.041|2
62.081|2
62.130|2
62.167|2
62.214|2
62.263|2
62.301|2
62.349|2
62.399|2
62.439|2
62.486|2
62.536|2
62.579|2
62.619|2
62.665|2
62.699|2
62.743|2
62.788|2
62.825|2
62.872|2
62.916|2
62.963|2
63.011|2
63.056|2
63.091|2
63.138|2
63.181|2
63.222|2
63.268|2
63.309|2
63.353|2
63.399|2
63.436|2
63.481|2
63.537|2
63.583|2
63.630|2
63.677|2
63.848|2
63.895|2
63.942|2
63.980|2
64.021|2
64.068|2
64.114|2
64.160|2
64.209|2
64.253|2
64.299|2
64.343|2
64.387|2
64.421|2
64.463|2
64.527|2
64.597|2
64.647|2
64.696|2
64.743|2
64.784|2
64.829|2
64.865|2
64.916|2
64.963|2
64.998|2
65.043|2
65.084|2
65.124|2
65.169|2
65.207|2
65.252|2
65.299|2
65.343|2
65.382|2
65.429|2
65.469|2
65.513|2
65.561|2
65.600|2
65.646|2
65.695|2
65.735|2
65.783|2
65.834|2
65.872|2
65.917|2
65.965|2
66.003|2
66.046|2
66.095|2
66.131|2
66.176|2
66.219|2
66.259|2
66.307|2
66.350|2
66.395|2
66.445|2
66.495|2
66.548|2
66.589|2
66.637|2
66.680|2
66.720|2
66.767|2
66.804|2
66.847|2
66.892|2
66.930|2
66.979|2
67.021|2
67.067|2
67.118|2
67.160|2
67.201|2
67.244|2
67.287|2
67.330|2
67.375|2
67.418|2
67.462|2
67.513|2
67.564|2
67.613|2
67.678|2
67.721|2
67.769|2
67.807|2
67.850|2
67.893|2
67.932|2
67.975|2
68.014|2
68.051|2
68.099|2
68.142|2
68.183|2
68.228|2
68.265|2
68.309|2
68.348|2
68.389|2
68.434|2
68.475|2
68.523|2
68.570|2
68.644|2
68.708|2
68.754|2
68.801|2
68.844|2
68.881|2
68.923|2
68.968|2
69.012|2
69.053|2
69.102|2
69.141|2
69.184|2
69.227|2
69.262|2
69.306|2
69.346|2
69.392|2
69.440|2
69.481|2
69.524|2
69.573|2
69.620|2
69.664|2
69.710|2
69.751|2
69.794|2
69.839|2
69.881|2
69.926|2
69.972|2
70.012|2
70.055|2
70.101|2
70.137|2
70.182|2
70.231|2
70.267|2
70.312|2
70.353|2
70.396|2
70.442|2
70.482|2
70.532|2
70.579|2
70.620|2
70.665|2
70.711|2
70.754|2
70.800|2
70.848|2
70.888|2
70.933|2
70.978|2
71.022|2
71.065|2
71.109|2
71.151|2
71.193|2
71.246|2
71.287|2
71.332|2
71.378|2
71.417|2
71.457|2
71.508|2
71.554|2
71.605|2
71.654|2
71.702|2
71.743|2
71.785|2
71.833|2
71.870|2
71.914|2
71.962|2
71.997|2
72.041|2
72.081|2
72.125|2
72.171|2
72.212|2
72.254|2
72.303|2
72.345|2
72.387|2
72.432|2
72.471|2
72.518|2
72.566|2
72.608|2
72.656|2
72.722|2
72.769|2
72.814|2
72.864|2
72.916|2
72.958|2
73.008|2
73.048|2
73.089|2
73.139|2
73.180|2
73.222|2
73.270|2
73.307|2
73.355|2
73.402|2
73.438|2
73.481|2
73.545|2
73.587|2
73.635|2
73.677|2
73.716|2
73.758|2
73.805|2
73.844|2
73.890|2
73.940|2
73.979|2
74.026|2
74.077|2
74.119|2
74.161|2
74.208|2
74.251|2
74.300|2
74.349|2
74.387|2
74.428|2
74.476|2
74.524|2
74.569|2
74.615|2
74.659|2
74.702|2
74.744|2
74.791|2
74.827|2
74.893|2
74.932|2
74.975|2
75.018|2
75.067|2
75.104|2
75.147|2
75.184|2
75.224|2
75.271|2
75.313|2
75.357|2
75.403|2
75.445|2
75.486|2
75.531|2
75.569|2
75.617|2
75.661|2
75.706|2
75.750|2
75.798|2
75.836|2
75.878|2
75.917|2
75.958|2
76.006|2
76.044|2
76.087|2
76.137|2
76.180|2
76.222|2
76.268|2
76.305|2
76.348|2
76.395|2
76.435|2
76.479|2
76.518|2
76.565|2
76.605|2
76.650|2
76.698|2
76.734|2
76.803|2
76.844|2
76.892|2
76.936|2
76.981|2
77.025|2
77.060|2
77.109|2
77.152|2
77.190|2
77.235|2
77.271|2
77.316|2
77.365|2
77.403|2
77.449|2
77.497|2
77.536|2
77.583|2
77.625|2
77.672|2
77.718|2
77.768|2
77.809|2
77.852|2
77.900|2
77.943|2
77.989|2
78.039|2
78.083|2
78.129|2
78.177|2
78.219|2
78.262|2
78.316|2
78.360|2
78.409|2
78.454|2
78.501|2
78.541|2
78.592|2
78.644|2
78.691|2
78.738|2
78.783|2
78.827|2
78.867|2
78.914|2
78.957|2
78.999|2
79.043|2
79.083|2
79.129|2
79.178|2
79.223|2
79.268|2
79.316|2
79.358|2
79.398|2
79.446|2
79.488|2
79.530|2
79.579|2
79.627|2
79.671|2
79.717|2
79.762|2
79.797|2
79.844|2
79.886|2
79.929|2
79.976|2
80.017|2
80.058|2
80.104|2
80.145|2
80.186|2
80.234|2
80.277|2
80.325|2
80.372|2
80.411|2
80.452|2
80.500|2
80.536|2
80.580|2
80.629|2
80.668|2
80.717|2
80.758|2
80.800|2
80.871|2
80.913|2
80.959|2
81.005|2
81.048|2
81.096|2
81.131|2
81.178|2
81.217|2
81.259|2
81.303|2
81.346|2
81.388|2
81.445|2
81.485|2
81.526|2
81.570|2
81.612|2
81.658|2
81.705|2
81.751|2
81.792|2
81.839|2
81.878|2
81.919|2
81.967|2
82.009|2
82.053|2
82.099|2
82.134|2
82.179|2
82.219|2
82.262|2
82.307|2
82.350|2
82.394|2
82.438|2
82.478|2
82.523|2
82.572|2
82.614|2
82.664|2
82.713|2
82.782|2
82.827|2
82.870|2
82.913|2
82.958|2
82.993|2
83.039|2
83.082|2
83.127|2
83.172|2
83.212|2
83.256|2
83.305|2
83.342|2
83.382|2
83.427|2
83.463|2
83.509|2
83.547|2
83.589|2
83.632|2
83.672|2
83.724|2
83.785|2
83.837|2
83.885|2
83.927|2
83.971|2
84.007|2
84.054|2
84.111|2
84.150|2
84.190|2
84.237|2
84.278|2
84.325|2
84.374|2
84.416|2
84.460|2
84.505|2
84.547|2
84.588|2
84.634|2
84.672|2
84.720|2
84.762|2
84.828|2
84.876|2
84.920|2
84.959|2
85.006|2
85.046|2
85.094|2
85.139|2
85.173|2
85.218|2
85.259|2
85.297|2
85.347|2
85.387|2
85.433|2
85.481|2
85.525|2
85.570|2
85.614|2
85.653|2
85.705|2
85.755|2
85.803|2
85.846|2
85.891|2
85.930|2
85.974|2
86.013|2
86.055|2
86.104|2
86.149|2
86.192|2
86.258|2
86.301|2
86.344|2
86.383|2
86.430|2
86.465|2
86.506|2
86.544|2
86.589|2
86.637|2
86.675|2
86.720|2
86.771|2
86.822|2
86.864|2
86.909|2
86.946|3
86.988|3
87.038|3
87.076|3
87.118|3
87.166|3
87.203|3
87.255|3
87.294|3
87.339|3
87.382|3
87.422|3
87.462|3
87.506|3
87.546|3
87.589|3
87.647|3
87.684|3
87.735|3
87.784|3
87.828|3
87.872|3
87.922|3
87.960|3
87.998|3
88.043|3
88.081|3
88.122|3
88.171|3
88.212|3
88.260|3
88.305|3
88.345|3
88.387|3
88.436|3
88.474|3
88.520|3
88.560|3
88.602|3
88.646|3
88.685|3
88.732|3
88.812|3
88.859|3
88.902|3
88.952|3
88.993|3
89.037|3
89.081|3
89.125|3
89.166|3
89.215|3
89.255|3
89.297|3
89.344|3
89.385|3
89.430|3
89.495|3
89.536|3
89.580|3
89.625|3
89.675|3
89.714|3
89.759|3
89.804|3
89.844|3
89.887|3
89.930|3
89.965|3
90.013|3
90.052|3
90.099|3
90.148|3
90.189|3
90.233|3
90.277|3
90.315|3
90.360|3
90.407|3
90.445|3
90.484|3
90.532|3
90.568|3
90.611|3
90.653|3
90.698|3
90.750|3
90.796|3
90.843|3
90.886|3
90.933|3
90.971|3
91.016|3
91.059|3
91.103|3
91.146|3
91.187|3
91.232|3
91.278|3
91.315|3
91.361|3
91.402|3
91.441|3
91.485|3
91.532|3
91.575|3
91.616|3
91.693|3
91.740|3
91.788|3
91.839|3
91.890|3
91.933|3
91.977|3
92.024|3
92.072|3
92.108|3
92.151|3
92.192|3
92.226|3
92.271|3
92.310|3
92.354|3
92.400|3
92.440|3
92.491|3
92.536|3
92.584|3
92.627|3
92.670|3
92.708|3
92.781|3
92.838|3
92.887|3
92.928|3
92.974|3
93.015|3
93.057|3
93.107|3
93.144|3
93.186|3
93.232|3
93.270|3
93.326|3
93.367|3
93.408|3
93.450|3
93.496|3
93.532|3
93.578|3
93.620|3
93.664|3
93.714|3
93.758|3
93.802|3
93.852|3
93.890|3
93.932|3
93.977|3
94.017|3
94.058|3
94.102|3
94.140|3
94.196|3
94.242|3
94.281|3
94.327|3
94.377|3
94.412|3
94.450|3
94.494|3
94.530|3
94.574|3
94.612|3
94.655|3
94.700|3
94.736|3
94.783|3
94.831|3
94.878|3
94.921|3
94.967|3
95.007|3
95.053|3
95.098|3
95.137|3
95.183|3
95.226|3
95.268|3
95.315|3
95.360|3
95.404|3
95.447|3
95.484|3
95.526|3
95.571|3
95.613|3
95.658|3
95.706|3
95.747|3
95.789|3
95.841|3
95.883|3
95.931|3
95.974|3
96.013|3
96.056|3
96.103|3
96.140|3
96.187|3
96.226|3
96.270|3
96.318|3
96.359|3
96.403|3
96.448|3
96.488|3
96.533|3
96.581|3
96.622|3
96.665|3
96.733|3
96.775|3
96.824|3
96.875|3
96.931|3
96.972|3
97.017|3
97.059|3
97.104|3
97.172|3
97.214|3
97.261|3
97.305|3
97.348|3
97.391|3
97.433|3
97.479|3
97.519|3
97.564|3
97.611|3
97.653|3
97.700|3
97.751|3
97.789|3
97.836|3
97.886|3
97.932|3
97.971|3
98.020|3
98.072|3
98.113|3
98.155|3
98.203|3
98.246|3
98.287|3
98.333|3
98.369|3
98.415|3
98.454|3
98.494|3
98.542|3
98.581|3
98.626|3
98.674|3
98.710|3
98.755|3
98.799|3
98.849|3
98.907|3
98.959|3
99.002|3
99.045|3
99.091|3
99.136|3
99.171|3
99.215|3
99.253|3
99.295|3
99.342|3
99.384|3
99.428|3
99.476|3
99.513|3
99.555|3
99.603|3
99.643|3
99.687|3
99.733|3
99.772|3
99.816|3
99.863|3
99.910|3
99.979|3
100.026|3
100.072|3
100.109|3
100.152|3
100.195|3
100.230|3
100.278|3
100.334|3
100.378|3
100.423|3
100.471|3
100.510|3
100.556|3
100.601|3
100.640|3
100.686|3
100.752|3
100.799|3
100.847|3
100.899|3
100.947|3
100.993|3
101.044|3
101.088|3
101.141|3
101.184|3
101.229|3
101.276|3
101.320|3
101.369|3
101.406|3
101.467|3
101.510|3
101.548|3
101.588|3
101.638|3
101.679|3
101.720|3
101.768|3
101.807|3
101.851|3
101.897|3
101.944|3
101.992|3
102.038|3
102.076|3
102.121|3
102.163|3
102.204|3
102.252|3
102.298|3
102.342|3
102.384|3
102.426|3
102.469|3
102.515|3
102.558|3
102.599|3
102.648|3
102.686|3
102.732|3
102.779|3
102.821|3
102.871|3
102.918|3
102.957|3
102.996|3
103.056|3
103.096|3
103.138|3
103.183|3
103.228|3
103.268|3
103.319|3
103.359|3
103.405|3
103.454|3
103.492|3
103.540|3
103.588|3
103.632|3
103.672|3
103.717|3
103.758|3
103.799|3
103.845|3
103.885|3
103.928|3
103.974|3
104.016|3
104.063|3
104.112|3
104.154|3
104.201|3
104.252|3
104.297|3
104.342|3
104.388|3
104.431|3
104.480|3
104.525|3
104.574|3
104.626|3
104.672|3
104.744|3
104.794|3
104.835|3
104.900|3
104.941|3
104.986|3
105.030|3
105.075|3
105.115|3
105.163|3
105.216|3
105.261|3
105.305|3
105.352|3
105.396|3
105.439|3
105.485|3
105.525|3
105.569|3
105.613|3
105.652|3
105.694|3
105.740|3
105.778|3
105.828|3
105.878|3
105.918|3
105.959|3
106.005|3
106.046|3
106.091|3
106.139|3
106.178|3
106.226|3
106.271|3
106.319|3
106.369|3
106.420|3
106.462|3
106.509|3
106.555|3
106.599|3
106.638|3
106.683|3
106.726|3
106.765|3
106.813|3
106.858|3
106.921|3
106.969|3
107.013|3
107.062|3
107.105|3
107.150|3
107.193|3
107.242|3
107.290|3
107.333|3
107.376|3
107.424|3
107.468|3
107.513|3
107.560|3
107.600|3
107.645|3
107.712|3
107.763|3
107.810|3
107.851|3
107.897|3
107.945|3
107.988|3
108.037|3
108.084|3
108.127|3
108.168|3
108.215|3
108.262|3
108.310|3
108.359|3
108.409|3
108.445|3
108.500|3
108.547|3
108.588|3
108.633|3
108.680|3
108.744|3
108.792|3
108.835|3
108.882|3
108.925|3
108.970|3
109.013|3
109.058|3
109.100|3
109.145|3
109.189|3
109.230|3
109.278|3
109.324|3
109.364|3
109.405|3
109.448|3
109.491|3
109.530|3
109.576|3
109.611|3
109.653|3
109.699|3
109.738|3
109.787|3
109.824|3
109.865|3
109.914|3
109.952|3
109.994|3
110.037|3
110.072|3
110.115|3
110.154|3
110.196|3
110.244|3
110.289|3
110.339|3
110.387|3
110.432|3
110.474|3
110.517|3
110.556|3
110.597|3
110.640|3
110.674|3
110.717|3
110.757|3
110.798|3
110.846|3
110.904|3
110.953|3
111.002|3
111.046|3
111.084|3
111.125|3
111.169|3
111.206|3
111.251|3
111.286|3
111.336|3
111.383|3
111.422|3
111.469|3
111.512|3
111.555|3
111.603|3
111.642|3
111.686|3
111.728|3
111.766|3
111.813|3
111.850|3
111.892|3
111.941|3
111.979|3
112.022|3
112.076|3
112.115|3
112.156|3
112.201|3
112.237|3
112.280|3
112.318|3
112.365|3
112.414|3
112.454|3
112.495|3
112.544|3
112.579|3
112.625|3
112.703|3
112.745|3
112.790|3
112.836|3
112.872|3
112.918|3
112.959|3
112.999|3
113.046|3
113.085|3
113.127|3
113.173|3
113.216|3
113.258|3
113.301|3
113.344|3
113.396|3
113.437|3
113.475|3
113.527|3
113.568|3
113.611|3
113.657|3
113.695|3
113.736|3
113.784|3
113.825|3
113.866|3
113.917|3
113.958|3
113.998|3
114.043|3
114.078|3
114.122|3
114.159|3
114.203|3
114.245|3
114.285|3
114.336|3
114.387|3
114.433|3
114.474|3
114.519|3
114.559|3
114.599|3
114.643|3
114.681|3
114.724|3
114.772|3
114.812|3
114.862|3
114.903|3
114.947|3
114.995|3
115.045|3
115.080|3
115.124|3
115.169|3
115.205|3
115.248|3
115.294|3
115.337|3
115.382|3
115.426|3
115.474|3
115.521|3
115.566|3
115.607|3
115.654|3
115.699|3
115.740|3
115.786|3
115.823|3
115.861|3
115.913|3
115.955|3
116.002|3
116.056|3
116.103|3
116.152|3
116.194|3
116.246|3
116.283|3
116.325|3
116.372|3
116.410|3
116.457|3
116.501|3
116.544|3
116.588|3
116.629|3
116.675|3
116.769|3
116.809|3
116.852|3
116.890|3
116.933|3
116.981|3
117.024|3
117.072|3
117.118|3
117.164|3
117.208|3
117.253|3
117.333|3
117.381|3
117.428|3
117.472|3
117.521|3
117.562|3
117.605|3
117.650|3
117.720|3
117.769|3
117.816|3
117.862|3
117.912|3
117.952|3
117.995|3
118.039|3
118.080|3
118.127|3
118.170|3
118.218|3
118.263|3
118.307|3
118.342|3
118.394|3
118.438|3
118.487|3
118.533|3
118.580|3
118.617|3
118.659|3
118.703|3
118.738|3
118.784|3
118.829|3
118.869|3
118.912|3
118.956|3
119.000|3
119.047|3
119.090|3
119.133|3
119.178|3
119.216|3
119.260|3
119.304|3
119.341|3
119.388|3
119.433|3
119.511|3
119.556|3
119.601|3
119.648|3
119.684|3
119.726|3
119.772|3
119.822|3
119.865|3
119.948|3
119.986|3
120.032|3
120.073|3
120.123|3
120.165|3
120.212|3
120.257|3
120.297|3
120.340|3
120.383|3
120.425|3
120.473|3
120.526|3
120.567|3
120.608|3
120.656|3
120.703|3
120.793|3
120.841|3
120.883|3
120.924|3
120.963|3
121.004|3
121.048|3
121.087|3
121.130|3
121.179|3
121.216|3
121.264|3
121.347|3
121.388|3
121.438|3
121.489|3
121.534|3
121.581|3
121.622|3
121.666|3
121.712|3
121.747|3
121.793|3
121.841|3
121.881|3
121.922|3
121.964|3
122.009|3
122.052|3
122.106|3
122.148|3
122.191|3
122.233|3
122.269|3
122.313|3
122.349|3
122.391|3
122.434|3
122.477|3
122.526|3
122.570|3
122.615|3
122.671|3
122.712|3
122.755|3
122.794|3
122.843|3
122.878|3
122.921|3
122.965|3
123.006|3
123.055|3
123.094|3
123.141|3
123.185|3
123.224|3
123.264|3
123.310|3
123.348|3
123.393|3
123.438|3
123.475|3
123.523|3
123.572|3
123.619|3
123.670|3
123.721|3
123.762|3
123.805|3
123.851|3
123.890|3
123.932|3
123.974|3
124.012|3
124.055|3
124.093|3
124.137|3
124.186|3
124.229|3
124.273|3
124.317|3
124.356|3
124.400|3
124.448|3
124.489|3
124.531|3
124.583|3
124.634|3
124.679|3
124.742|3
124.784|3
124.830|3
124.871|3
124.916|3
124.997|3
125.043|3
125.089|3
125.136|3
125.183|3
125.222|3
125.306|3
125.354|3
125.399|3
125.444|3
125.481|3
125.528|3
125.570|3
125.612|3
125.659|3
125.700|3
125.742|3
125.788|3
125.826|3
125.871|3
125.918|3
125.973|3
126.018|3
126.061|3
126.104|3
126.142|3
126.188|3
126.226|3
126.269|3
126.313|3
126.348|3
126.394|3
126.437|3
126.477|3
126.524|3
126.600|3
126.652|3
126.748|3
126.798|3
126.853|3
126.911|3
126.964|3
127.013|3
127.065|3
127.111|3
127.169|3
127.226|3
127.277|3
127.330|3
127.377|3
127.428|3
127.476|3
127.529|3
127.581|3
127.638|3
127.687|3
127.743|3
127.799|3
127.845|3
127.896|3
127.942|3
127.991|3
128.035|3
128.089|3
128.138|3
128.192|3
128.235|3
128.287|3
128.339|3
128.388|3
128.429|3
128.475|3
128.526|3
128.570|3
128.614|3
128.657|3
128.700|3
128.755|3
128.805|3
128.854|3
128.899|3
128.945|3
128.997|3
129.037|3
129.081|3
129.150|3
129.201|3
129.249|3
129.286|3
129.327|3
129.378|3
129.419|3
129.469|3
129.517|3
129.563|3
129.607|3
129.654|3
129.696|3
129.739|3
129.786|3
129.827|3
129.867|3
129.911|3
129.949|3
129.996|3
130.038|3
130.117|3
130.160|3
130.203|3
130.247|3
130.284|3
130.330|3
130.371|3
130.413|3
130.455|3
130.503|3
130.548|3
130.599|3
130.644|3
130.694|3
130.739|3
130.787|3
130.830|3
130.874|3
130.931|3
130.969|3
131.011|3
131.055|3
131.094|3
131.136|3
131.180|3
131.216|3
131.265|3
131.311|3
131.351|3
131.394|3
131.448|3
131.484|3
131.527|3
131.566|3
131.608|3
131.660|3
131.708|3
131.754|3
131.802|3
131.845|3
131.881|3
131.956|3
131.997|3
132.042|3
132.081|3
132.127|3
132.168|3
132.210|3
132.258|3
132.297|3
132.341|3
132.387|3
132.431|3
132.474|3
132.517|3
132.554|3
132.594|3
132.643|3
132.681|3
132.723|3
132.768|3
132.808|3
132.981|3
133.057|3
133.106|3
133.177|3
133.221|3
133.296|3
133.360|3
133.405|3
133.449|3
133.490|3
133.536|3
133.581|3
133.617|3
133.665|3
133.707|3
133.750|3
133.792|3
133.841|3
133.885|3
133.938|3
133.985|3
134.027|3
134.077|3
134.126|3
134.172|3
134.210|3
134.255|3
134.297|3
134.341|3
134.386|3
134.421|3
134.463|3
134.510|3
134.547|3
134.594|3
134.633|3
134.690|3
134.737|3
134.781|3
134.825|3
134.868|3
134.919|3
134.966|3
135.014|3
135.064|3
135.107|3
135.164|3
135.226|3
135.271|3
135.318|3
135.358|3
135.399|3
135.450|3
135.497|3
135.539|3
135.583|3
135.619|3
135.662|3
135.708|3
135.750|3
135.803|3
135.845|3
135.894|3
135.939|3
135.992|3
136.037|3
136.082|3
136.130|3
136.171|4
136.214|4
136.262|4
136.305|4
136.351|4
136.403|4
136.449|4
136.494|4
136.546|4
136.597|4
136.643|4
136.690|4
136.733|4
136.781|4
136.818|4
136.865|4
136.914|4
136.960|4
137.007|4
137.088|4
137.125|4
137.171|4
137.215|4
137.303|4
137.338|4
137.388|4
137.426|4
137.468|4
137.519|4
137.562|4
137.617|4
137.665|4
137.710|4
137.754|4
137.796|4
137.844|4
137.880|4
137.929|4
137.970|4
138.013|4
138.060|4
138.105|4
138.152|4
138.197|4
138.254|4
138.291|4
138.334|4
138.380|4
138.418|4
138.462|4
138.508|4
138.551|4
138.598|4
138.649|4
138.694|4
138.740|4
138.794|4
138.845|4
138.890|4
138.936|4
138.984|4
139.021|4
139.064|4
139.113|4
139.150|4
139.195|4
139.239|4
139.292|4
139.337|4
139.382|4
139.417|4
139.459|4
139.502|4
139.546|4
139.593|4
139.632|4
139.682|4
139.729|4
139.779|4
139.825|4
139.876|4
139.926|4
139.966|4
140.007|4
140.053|4
140.093|4
140.137|4
140.183|4
140.222|4
140.264|4
140.311|4
140.348|4
140.396|4
140.443|4
140.487|4
140.536|4
140.581|4
140.618|4
140.662|4
140.705|4
140.748|4
140.798|4
140.840|4
140.888|4
140.934|4
140.987|4
141.025|4
141.067|4
141.123|4
141.160|4
141.206|4
141.250|4
141.288|4
141.330|4
141.404|4
141.455|4
141.500|4
141.548|4
141.591|4
141.637|4
141.723|4
141.765|4
141.815|4
141.859|4
141.905|4
141.957|4
142.012|4
142.060|4
142.107|4
142.154|4
142.196|4
142.237|4
142.285|4
142.334|4
142.378|4
142.425|4
142.466|4
142.508|4
142.555|4
142.592|4
142.633|4
142.682|4
142.720|4
142.770|4
142.824|4
142.873|4
142.920|4
142.971|4
143.019|4
143.061|4
143.101|4
143.148|4
143.181|4
143.225|4
143.267|4
143.310|4
143.360|4
143.404|4
143.443|4
143.492|4
143.536|4
143.579|4
143.624|4
143.664|4
143.709|4
143.756|4
143.799|4
143.846|4
143.893|4
143.945|4
143.989|4
144.030|4
144.075|4
144.109|4
144.153|4
144.196|4
144.240|4
144.283|4
144.324|4
144.371|4
144.418|4
144.456|4
144.539|4
144.582|4
144.625|4
144.664|4
144.740|4
144.790|4
144.832|4
144.881|4
144.919|4
144.965|4
145.036|4
145.083|4
145.130|4
145.171|4
145.222|4
145.262|4
145.300|4
145.346|4
145.398|4
145.473|4
145.515|4
145.561|4
145.603|4
145.647|4
145.694|4
145.744|4
145.786|4
145.831|4
145.868|4
145.909|4
145.954|4
145.990|4
146.029|4
146.075|4
146.126|4
146.171|4
146.220|4
146.259|4
146.300|4
146.348|4
146.381|4
146.426|4
146.467|4
146.509|4
146.559|4
146.599|4
146.640|4
146.689|4
146.728|4
146.777|4
146.826|4
146.864|4
146.907|4
146.952|4
147.022|4
147.067|4
147.108|4
147.156|4
147.193|4
147.235|4
147.282|4
147.318|4
147.364|4
147.413|4
147.450|4
147.498|4
147.534|4
147.584|4
147.638|4
147.688|4
147.739|4
147.786|4
147.833|4
147.873|4
147.918|4
147.964|4
148.009|4
148.046|4
148.105|4
148.148|4
148.192|4
148.233|4
148.280|4
148.320|4
148.367|4
148.408|4
148.452|4
148.503|4
148.546|4
148.624|4
148.670|4
148.710|4
148.759|4
148.800|4
148.845|4
148.888|4
148.929|4
148.969|4
149.030|4
149.074|4
149.116|4
149.163|4
149.208|4
149.251|4
149.295|4
149.335|4
149.372|4
149.416|4
149.452|4
149.495|4
149.537|4
149.606|4
149.649|4
149.695|4
149.744|4
149.787|4
149.835|4
149.878|4
149.919|4
149.966|4
150.008|4
150.050|4
150.092|4
150.138|4
150.173|4
150.220|4
150.261|4
150.304|4
150.352|4
150.387|4
150.430|4
150.472|4
150.513|4
150.591|4
150.640|4
150.686|4
150.729|4
150.774|4
150.825|4
150.874|4
150.918|4
150.964|4
151.007|4
151.051|4
151.103|4
151.156|4
151.204|4
151.245|4
151.287|4
151.322|4
151.366|4
151.407|4
151.452|4
151.502|4
151.544|4
151.583|4
151.625|4
151.664|4
151.707|4
151.756|4
151.797|4
151.849|4
151.896|4
151.935|4
151.977|4
152.027|4
152.069|4
152.120|4
152.166|4
152.204|4
152.252|4
152.302|4
152.354|4
152.405|4
152.444|4
152.485|4
152.527|4
152.572|4
152.615|4
152.679|4
152.719|4
152.765|4
152.807|4
152.872|4
152.909|4
152.947|4
152.989|4
153.026|4
153.070|4
153.120|4
153.159|4
153.214|4
153.267|4
153.329|4
153.399|4
153.453|4
153.496|4
153.535|4
153.585|4
153.620|4
153.691|4
153.735|4
153.778|4
153.836|4
153.878|4
153.918|4
153.968|4
154.007|4
154.052|4
154.099|4
154.138|4
154.179|4
154.223|4
154.262|4
154.302|4
154.350|4
154.389|4
154.435|4
154.476|4
154.518|4
154.601|4
154.641|4
154.690|4
154.728|4
154.771|4
154.820|4
154.858|4
154.905|4
154.950|4
155.002|4
155.049|4
155.098|4
155.141|4
155.188|4
155.236|4
155.276|4
155.322|4
155.373|4
155.418|4
155.463|4
155.510|4
155.567|4
155.611|4
155.657|4
155.707|4
155.759|4
155.804|4
155.850|4
155.899|4
155.938|4
155.981|4
156.029|4
156.067|4
156.115|4
156.165|4
156.240|4
156.293|4
156.347|4
156.399|4
156.470|4
156.518|4
156.565|4
156.630|4
156.682|4
156.726|4
156.775|4
156.825|4
156.868|4
156.916|4
156.960|4
156.998|4
157.055|4
157.103|4
157.145|4
157.191|4
157.238|4
157.288|4
157.336|4
157.378|4
157.425|4
157.498|4
157.549|4
157.590|4
157.636|4
157.682|4
157.720|4
157.762|4
157.806|4
157.848|4
157.892|4
157.932|4
157.981|4
158.028|4
158.096|4
158.148|4
158.201|4
158.244|4
158.292|4
158.341|4
158.391|4
158.438|4
158.483|4
158.529|4
158.573|4
158.614|4
158.668|4
158.713|4
158.760|4
158.800|4
158.844|4
158.881|4
158.937|4
158.980|4
159.027|4
159.074|4
159.122|4
159.167|4
159.213|4
159.263|4
159.303|4
159.342|4
159.389|4
159.426|4
159.470|4
159.519|4
159.557|4
159.607|4
159.655|4
159.692|4
159.742|4
159.794|4
159.841|4
159.887|4
159.955|4
159.997|4
160.046|4
160.093|4
160.140|4
160.190|4
160.230|4
160.275|4
160.323|4
160.361|4
160.404|4
160.454|4
160.498|4
160.538|4
160.583|4
160.622|4
160.668|4
160.712|4
160.757|4
160.803|4
160.845|4
160.894|4
160.936|4
160.980|4
161.015|4
161.092|4
161.131|4
161.179|4
161.226|4
161.286|4
161.337|4
161.383|4
161.429|4
161.476|4
161.525|4
161.568|4
161.617|4
161.663|4
161.709|4
161.763|4
161.814|4
161.865|4
161.911|4
161.958|4
162.007|4
162.050|4
162.093|4
162.145|4
162.192|4
162.229|4
162.273|4
162.322|4
162.360|4
162.412|4
162.483|4
162.527|4
162.575|4
162.616|4
162.663|4
162.704|4
162.746|4
162.787|4
162.827|4
162.873|4
162.921|4
162.964|4
163.010|4
163.056|4
163.097|4
163.153|4
163.200|4
163.242|4
163.283|4
163.325|4
163.361|4
163.407|4
163.454|4
163.490|4
163.533|4
163.592|4
163.642|4
163.689|4
163.773|4
163.812|4
163.861|4
163.903|4
163.947|4
163.993|4
164.038|4
164.090|4
164.146|4
164.190|4
164.239|4
164.284|4
164.332|4
164.372|4
164.413|4
164.459|4
164.499|4
164.544|4
164.589|4
164.626|4
164.675|4
164.726|4
164.767|4
164.815|4
164.867|4
164.906|4
164.944|4
164.991|4
165.028|4
165.074|4
165.122|4
165.168|4
165.215|4
165.268|4
165.346|4
165.399|4
165.453|4
165.506|4
165.563|4
165.609|4
165.658|4
165.717|4
165.767|4
165.815|4
165.869|4
165.922|4
165.978|4
166.027|4
166.084|4
166.132|4
166.175|4
166.219|4
166.267|4
166.308|4
166.353|4
166.403|4
166.446|4
166.501|4
166.545|4
166.594|4
166.634|4
166.691|4
166.739|4
166.786|4
166.842|4
166.915|4
166.965|4
167.011|4
167.061|4
167.107|4
167.160|4
167.205|4
167.282|4
167.328|4
167.378|4
167.425|4
167.464|4
167.508|4
167.556|4
167.597|4
167.644|4
167.690|4
167.731|4
167.779|4
167.824|4
167.862|4
167.906|4
167.949|4
167.990|4
168.034|4
168.071|4
168.113|4
168.163|4
168.215|4
168.260|4
168.336|4
168.382|4
168.436|4
168.480|4
168.552|4
168.601|4
168.650|4
168.700|4
168.748|4
168.799|4
168.844|4
168.894|4
168.934|4
168.980|4
169.026|4
169.071|4
169.124|4
169.178|4
169.222|4
169.277|4
169.326|4
169.377|4
169.423|4
169.459|4
169.538|4
169.573|4
169.617|4
169.653|4
169.734|4
169.776|4
169.825|4
169.865|4
169.911|4
169.960|4
169.999|4
170.045|4
170.094|4
170.129|4
170.172|4
170.226|4
170.265|4
170.309|4
170.357|4
170.402|4
170.447|4
170.497|4
170.547|4
170.592|4
170.642|4
170.690|4
170.726|4
170.779|4
170.834|4
170.875|4
170.920|4
170.967|4
171.010|4
171.054|4
171.101|4
171.139|4
171.184|4
171.227|4
171.287|4
171.340|4
171.385|4
171.431|4
171.477|4
171.521|4
171.571|4
171.614|4
171.659|4
171.706|4
171.748|4
171.790|4
171.868|4
171.907|4
171.953|4
171.992|4
172.039|4
172.090|4
172.127|4
172.173|4
172.214|4
172.259|4
172.303|4
172.349|4
172.396|4
172.465|4
172.513|4
172.562|4
172.601|4
172.647|4
172.695|4
172.735|4
172.780|4
172.835|4
172.882|4
172.931|4
172.977|4
173.027|4
173.068|4
173.113|4
173.174|4
173.233|4
173.285|4
173.330|4
173.413|4
173.457|4
173.509|4
173.554|4
173.599|4
173.643|4
173.690|4
173.727|4
173.785|4
173.825|4
173.867|4
173.906|4
173.957|4
173.994|4
174.042|4
174.091|4
174.129|4
174.172|4
174.217|4
174.253|4
174.297|4
174.333|4
174.383|4
174.428|4
174.481|4
174.523|4
174.573|4
174.615|4
174.658|4
174.703|4
174.743|4
174.784|4
174.840|4
174.878|4
174.920|4
174.969|4
175.006|4
175.048|4
175.091|4
