0.000|-0.05135672;-3.559742
0.333|-0.0531067;-3.553943
0.397|-0.09097629;-3.641567
0.446|-0.0946003;-3.642353
0.491|-0.1017366;-3.634949
0.540|-0.1021959;-3.635492
0.579|-0.1021661;-3.634491
0.625|-0.1013622;-3.632834
0.674|-0.1006203;-3.63124
0.718|-0.09691843;-3.620857
0.763|-0.09175342;-3.622027
0.811|-0.08932024;-3.619562
0.854|-0.0896624;-3.614081
0.902|-0.08282558;-3.601642
0.951|-0.07759682;-3.598935
0.997|-0.07404494;-3.589767
1.043|-0.06965905;-3.585913
1.090|-0.06327438;-3.580624
1.132|-0.05956304;-3.576113
1.179|-0.06350502;-3.590541
1.221|-0.06050522;-3.587833
1.268|-0.05679956;-3.582011
1.341|-0.06016633;-3.583454
1.401|-0.05998353;-3.578322
1.462|-0.06202918;-3.577001
1.519|-0.06811753;-3.573492
1.581|-0.0795255;-3.576314
1.644|-0.08965956;-3.580766
1.699|-0.09123801;-3.603939
1.745|-0.09842946;-3.609473
1.787|-0.1082426;-3.626861
1.835|-0.1098621;-3.638855
1.883|-0.111536;-3.649107
1.927|-0.09352622;-3.619838
1.977|-0.06339831;-3.59827
2.025|-0.05565892;-3.578665
2.075|-0.05486308;-3.577834
2.119|-0.04576031;-3.552612
2.170|-0.03971146;-3.543615
2.219|-0.03896856;-3.542355
2.264|-0.03178106;-3.542355
2.308|-0.03022177;-3.541772
2.365|-0.02060816;-3.540332
2.418|-0.02018924;-3.541902
2.462|-0.009335488;-3.54014
2.510|-0.001309648;-3.541939
2.556|-0.001054257;-3.539574
2.607|-0.003240496;-3.538295
2.646|-0.006990239;-3.531987
2.700|-0.01022936;-3.536488
2.760|-0.01850135;-3.543469
2.821|-0.0265404;-3.539905
2.879|-0.03168655;-3.543075
2.941|-0.03567681;-3.542025
2.987|-0.02869117;-3.551296
3.041|-0.02915578;-3.555647
3.082|-0.03591073;-3.564303
3.135|-0.03455748;-3.569237
3.187|-0.03953369;-3.56829
3.233|-0.03514908;-3.572932
3.285|-0.03421865;-3.570505
3.331|-0.03666229;-3.562949
3.385|-0.03540093;-3.559963
3.430|-0.03622252;-3.544261
3.476|-0.03264589;-3.528826
3.518|-0.02932183;-3.51752
3.565|-0.02904201;-3.515156
3.614|-0.01927521;-3.508187
3.655|-0.02122994;-3.519559
3.700|-0.02337655;-3.541847
3.752|-0.0197511;-3.539052
3.795|-0.02501255;-3.532007
3.842|-0.03341436;-3.520167
3.888|-0.0343801;-3.520254
3.929|-0.04019402;-3.506119
3.986|-0.03606212;-3.519488
4.046|-0.03894576;-3.521832
4.109|-0.03511032;-3.5244
4.167|-0.03992863;-3.529936
4.217|-0.04839204;-3.539977
4.270|-0.05591796;-3.54784
4.319|-0.06449497;-3.56234
4.375|-0.07670505;-3.571874
4.424|-0.08269026;-3.580304
4.469|-0.08511754;-3.597789
4.517|-0.09007432;-3.608593
4.562|-0.08907352;-3.613967
4.607|-0.07580028;-3.612328
4.656|-0.0696303;-3.609541
4.705|-0.06672783;-3.619711
4.749|-0.05599668;-3.614605
4.798|-0.04482077;-3.611362
4.844|-0.04230368;-3.616164
4.885|-0.03631634;-3.609818
4.930|-0.03299957;-3.600335
4.982|-0.03097936;-3.602866
5.022|-0.02092537;-3.602928
5.066|-0.01924635;-3.603137
5.117|-0.0196716;-3.602748
5.165|-0.02218492;-3.600706
5.221|-0.02562598;-3.598176
5.275|-0.03196261;-3.601752
5.343|-0.03061298;-3.600241
5.400|-0.02362828;-3.594545
5.459|-0.02341443;-3.592404
5.505|-0.02500519;-3.588571
5.561|-0.02465793;-3.582555
5.606|-0.04042403;-3.583618
5.653|-0.03973993;-3.580525
5.696|-0.04738512;-3.579546
5.742|-0.04289659;-3.581781
5.789|-0.04268234;-3.5794
5.832|-0.04539839;-3.574866
5.884|-0.05344963;-3.566947
5.928|-0.05946681;-3.562086
5.976|-0.06470877;-3.56264
6.019|-0.06720015;-3.573479
6.063|-0.06526554;-3.579061
6.111|-0.07023896;-3.588263
6.153|-0.06791534;-3.594785
6.199|-0.0678175;-3.605111
6.250|-0.070953;-3.616616
6.294|-0.07358495;-3.626284
6.342|-0.06719493;-3.633531
6.395|-0.05770908;-3.638361
6.447|-0.05758034;-3.641881
6.487|-0.05464581;-3.637085
6.541|-0.05310111;-3.637853
6.603|-0.04899557;-3.639618
6.665|-0.04100557;-3.637734
6.713|-0.03657769;-3.632484
6.777|-0.03301945;-3.628686
6.832|-0.04062431;-3.624494
6.884|-0.03244038;-3.610411
6.934|-0.03142007;-3.601504
6.988|-0.02936377;-3.598729
7.036|-0.02213134;-3.586023
7.084|-0.01934555;-3.583596
7.126|-0.02176748;-3.581502
7.172|-0.0241429;-3.578197
7.219|-0.02253272;-3.576061
7.265|-0.01611564;-3.581359
7.312|-0.01537789;-3.569082
7.370|-0.01193103;-3.57498
7.420|-0.009087265;-3.571431
7.465|-0.007238731;-3.57104
7.517|-0.01046771;-3.565937
7.563|-0.01128012;-3.567669
7.611|-0.01116532;-3.567384
7.653|-0.008272067;-3.561635
7.702|-0.005130917;-3.565715
7.751|-0.005745381;-3.564039
7.799|-0.009626403;-3.564403
7.855|-0.01004896;-3.564954
7.921|-0.007372439;-3.565584
7.983|-0.004012629;-3.569503
8.052|-0.002221853;-3.56533
8.113|-0.005690664;-3.564573
8.163|-0.01381445;-3.56948
8.217|-0.01519114;-3.569491
8.257|-0.01572368;-3.565004
8.307|-0.02448405;-3.569162
8.380|-0.02561485;-3.569108
8.432|-0.02800456;-3.56809
8.477|-0.02932101;-3.569343
8.531|-0.02840988;-3.571734
8.583|-0.02994671;-3.573148
8.628|-0.03022259;-3.575287
8.678|-0.03034879;-3.576329
8.720|-0.03069511;-3.581641
8.773|-0.03024841;-3.586248
8.820|-0.0298859;-3.587989
8.867|-0.03027403;-3.589247
8.919|-0.02986773;-3.589818
8.972|-0.02960267;-3.591048
9.019|-0.02814608;-3.591131
9.063|-0.02513072;-3.58418
9.112|-0.02378487;-3.584235
9.169|-0.02456456;-3.583418
9.232|-0.02489387;-3.585262
9.283|-0.02411247;-3.584886
9.344|-0.02006237;-3.583622
9.422|-0.0186985;-3.583525
9.476|-0.02108042;-3.58333
9.527|-0.02551089;-3.578408
9.578|-0.02681933;-3.578384
9.623|-0.03429063;-3.575745
9.669|-0.03605269;-3.576666
9.718|-0.03881679;-3.580159
9.761|-0.02963185;-3.571527
9.811|-0.02515314;-3.577012
9.859|-0.0258885;-3.577538
9.909|-0.02640904;-3.579655
9.954|-0.02570074;-3.574493
10.006|-0.025752;-3.576765
10.059|-0.02574845;-3.580512
10.103|-0.01940696;-3.579155
10.154|-0.0189989;-3.578986
10.208|-0.01848524;-3.581793
10.259|-0.01636156;-3.583087
10.300|-0.01441712;-3.577089
10.348|-0.01313341;-3.577359
10.403|-0.01570379;-3.574232
10.477|-0.01390455;-3.574095
10.535|-0.01238006;-3.577582
10.596|-0.0130238;-3.576664
10.653|-0.01234633;-3.575469
10.698|-0.01095679;-3.570964
10.750|-0.01273616;-3.569796
10.802|-0.014316;-3.570769
10.851|-0.01597618;-3.567351
10.899|-0.01683037;-3.566071
10.953|-0.02279316;-3.571506
11.004|-0.02514193;-3.571003
11.052|-0.02835137;-3.568344
11.098|-0.03017777;-3.565817
11.146|-0.02747144;-3.568444
11.195|-0.03083922;-3.569682
11.241|-0.03232805;-3.567907
11.283|-0.03511109;-3.561668
11.334|-0.03664028;-3.557946
11.383|-0.0390945;-3.55227
11.447|-0.03702734;-3.555698
11.505|-0.0377507;-3.555045
11.556|-0.0382493;-3.552768
11.610|-0.03766657;-3.554248
11.671|-0.03644832;-3.554259
11.736|-0.04069322;-3.564101
11.798|-0.04267576;-3.566157
11.854|-0.04768979;-3.564605
11.919|-0.04660709;-3.559364
11.968|-0.0476546;-3.554563
12.016|-0.04864907;-3.551253
12.060|-0.05237519;-3.546546
12.110|-0.05370159;-3.543025
12.160|-0.0545183;-3.53973
12.206|-0.05581126;-3.535841
12.260|-0.05709518;-3.535191
12.307|-0.05989525;-3.532639
12.358|-0.06087743;-3.533282
12.397|-0.06253836;-3.540113
12.457|-0.05999312;-3.545338
12.514|-0.0558676;-3.553863
12.564|-0.05440892;-3.56152
12.616|-0.05429442;-3.570632
12.663|-0.04827433;-3.572412
12.719|-0.04397023;-3.575824
12.774|-0.04161485;-3.577463
12.826|-0.04110307;-3.585266
12.878|-0.04268906;-3.589662
12.927|-0.04024665;-3.584397
12.990|-0.03480977;-3.590668
13.052|-0.03202209;-3.596374
13.116|-0.03048302;-3.590967
13.206|-0.025324;-3.585706
13.261|-0.01984063;-3.584438
13.310|-0.01738678;-3.57736
13.357|-0.02519648;-3.574103
13.409|-0.02427401;-3.574982
13.451|-0.02246982;-3.571625
13.510|-0.02305347;-3.571254
13.564|-0.02656579;-3.565664
13.617|-0.01914215;-3.571012
13.667|-0.01811697;-3.571077
13.719|-0.0166806;-3.5725
13.768|-0.01603673;-3.574848
13.822|-0.01718569;-3.575294
13.869|-0.01895329;-3.574854
13.920|-0.02050352;-3.573019
13.965|-0.0223867;-3.570729
14.018|-0.02380164;-3.56789
14.069|-0.02590269;-3.565471
14.120|-0.02928421;-3.55997
14.165|-0.03163654;-3.556914
14.222|-0.03265187;-3.554286
14.286|-0.04321964;-3.579197
14.352|-0.04371352;-3.580731
14.418|-0.04316658;-3.57854
14.481|-0.0410925;-3.575457
14.534|-0.04031722;-3.572613
14.579|-0.04029396;-3.571547
14.635|-0.04235405;-3.575664
14.688|-0.04122446;-3.581199
14.736|-0.04215337;-3.587232
14.789|-0.03877831;-3.592554
14.834|-0.03904727;-3.592284
14.891|-0.03920809;-3.591838
14.957|-0.03997853;-3.591553
15.010|-0.03965297;-3.589056
15.071|-0.03862172;-3.587728
15.136|-0.03365375;-3.586859
15.191|-0.03191067;-3.577701
15.253|-0.03397724;-3.568343
15.316|-0.04174765;-3.558312
15.379|-0.04686737;-3.535966
15.436|-0.04411797;-3.510756
15.524|-0.03884441;-3.496274
15.601|-0.03885699;-3.502207
15.681|-0.04545636;-3.502638
15.757|-0.05006454;-3.51335
15.824|-0.05553596;-3.527093
15.897|-0.05932195;-3.532968
15.964|-0.06491978;-3.539663
16.023|-0.0655781;-3.541698
16.086|-0.0621082;-3.537965
16.149|-0.05960922;-3.541237
16.218|-0.06109985;-3.545314
16.277|-0.05941805;-3.547273
16.328|-0.06069153;-3.547766
16.377|-0.05999696;-3.548456
16.421|-0.05986746;-3.549739
16.469|-0.0555067;-3.548327
16.525|-0.05540168;-3.548845
16.576|-0.04983614;-3.550054
16.635|-0.04359807;-3.553269
16.689|-0.04120264;-3.555366
16.743|-0.03889891;-3.55816
16.804|-0.03472766;-3.56327
16.868|-0.03455927;-3.566109
16.923|-0.03522123;-3.568056
16.989|-0.03571063;-3.567588
17.050|-0.03109017;-3.568277
17.101|-0.02764583;-3.569661
17.157|-0.02829695;-3.570992
17.209|-0.02777898;-3.574251
17.259|-0.02808049;-3.576369
17.306|-0.02626666;-3.566051
17.360|-0.02032645;-3.559869
17.409|-0.03023824;-3.557834
17.460|-0.03561512;-3.554856
17.517|-0.03529403;-3.555029
17.565|-0.03474569;-3.555161
17.624|-0.0339397;-3.555833
17.678|-0.03233144;-3.556664
17.727|-0.0313836;-3.558013
17.771|-0.03399823;-3.55691
17.819|-0.04443004;-3.55979
17.868|-0.04784566;-3.557717
17.920|-0.04795933;-3.559627
17.967|-0.05139303;-3.561744
18.019|-0.05207077;-3.562149
18.080|-0.05238053;-3.562507
18.142|-0.05149809;-3.565514
18.200|-0.05259115;-3.564473
18.250|-0.05477881;-3.557099
18.311|-0.05344363;-3.552191
18.367|-0.05414224;-3.546519
18.418|-0.05346089;-3.544651
18.467|-0.05078836;-3.545415
18.525|-0.05151744;-3.541775
18.570|-0.05296728;-3.544218
18.622|-0.05413411;-3.543159
18.676|-0.05685732;-3.543803
18.728|-0.05919276;-3.543066
18.774|-0.06291845;-3.544893
18.826|-0.06696142;-3.548548
18.879|-0.07227238;-3.552478
18.929|-0.0759538;-3.551977
18.972|-0.07757022;-3.550881
19.025|-0.07196116;-3.547625
19.077|-0.06496325;-3.551396
19.127|-0.06228834;-3.553773
19.177|-0.06139315;-3.556689
19.236|-0.05737305;-3.563227
19.290|-0.05577854;-3.562588
19.352|-0.05179928;-3.569448
19.419|-0.04891739;-3.568985
19.481|-0.04183948;-3.569968
19.566|-0.04099947;-3.57139
19.627|-0.04134724;-3.562243
19.679|-0.0436935;-3.561221
19.734|-0.04496067;-3.558827
19.788|-0.04625609;-3.558052
19.836|-0.04825877;-3.551565
19.891|-0.05029516;-3.553899
19.946|-0.05089805;-3.555068
19.998|-0.0510475;-3.556006
20.043|-0.04964603;-3.560934
20.091|-0.04759553;-3.563992
20.142|-0.04566292;-3.566865
20.191|-0.04396683;-3.568087
20.235|-0.04158282;-3.569187
20.287|-0.04216434;-3.5654
20.336|-0.04225635;-3.56629
20.386|-0.04087245;-3.566338
20.433|-0.04015126;-3.563073
20.480|-0.04157978;-3.563935
20.527|-0.04038868;-3.563334
20.576|-0.04072416;-3.562721
20.639|-0.04224268;-3.564868
20.703|-0.04274113;-3.564849
20.769|-0.0417492;-3.566093
20.833|-0.0408387;-3.570444
20.891|-0.04276429;-3.573684
20.948|-0.04179858;-3.579904
20.999|-0.04136284;-3.581759
21.055|-0.04026653;-3.581631
21.104|-0.03973915;-3.581551
21.162|-0.0396883;-3.581474
21.213|-0.04066973;-3.580096
21.266|-0.03599411;-3.577191
21.317|-0.03895409;-3.572698
21.365|-0.03671822;-3.570576
21.417|-0.03915375;-3.568456
21.467|-0.04130258;-3.566103
21.521|-0.04345006;-3.56308
21.569|-0.04382527;-3.560585
21.621|-0.04340498;-3.558317
21.668|-0.04196738;-3.559733
21.716|-0.04121408;-3.558855
21.763|-0.07273442;-3.606946
21.813|-0.06948667;-3.605678
21.865|-0.06799044;-3.605621
21.914|-0.06163381;-3.593985
21.977|-0.0597663;-3.593326
22.045|-0.05345423;-3.565862
22.110|-0.05575379;-3.566398
22.176|-0.05538693;-3.565439
22.235|-0.05427667;-3.566353
22.291|-0.05325605;-3.566012
22.344|-0.05098698;-3.565937
22.395|-0.05048283;-3.563108
22.437|-0.051062;-3.558444
22.487|-0.05708902;-3.548951
22.535|-0.05331969;-3.547899
22.592|-0.05276547;-3.545349
22.638|-0.05484962;-3.544058
22.689|-0.05353115;-3.538137
22.736|-0.05793277;-3.535142
22.782|-0.05822442;-3.537266
22.832|-0.05754033;-3.531836
22.879|-0.05867753;-3.532003
22.925|-0.06077411;-3.532849
22.978|-0.06365982;-3.533382
23.029|-0.0682091;-3.536218
23.074|-0.07066063;-3.538305
23.133|-0.07246935;-3.542192
23.192|-0.07475559;-3.546268
23.261|-0.07394844;-3.549459
23.328|-0.0688993;-3.554731
23.403|-0.06396189;-3.557763
23.472|-0.06422824;-3.555223
23.538|-0.06408902;-3.55537
23.603|-0.06713516;-3.551791
23.659|-0.06785528;-3.550896
23.710|-0.06478292;-3.55213
23.766|-0.06394644;-3.549227
23.820|-0.0646897;-3.5491
23.870|-0.06265491;-3.546969
23.924|-0.05557197;-3.547903
23.980|-0.05971148;-3.544206
24.037|-0.05409542;-3.552909
24.086|-0.05365086;-3.553305
24.135|-0.04781344;-3.548553
24.190|-0.04738284;-3.543896
24.245|-0.04965595;-3.544757
24.298|-0.05092395;-3.537199
24.344|-0.05460648;-3.530964
24.400|-0.05918045;-3.533211
24.451|-0.0695067;-3.536493
24.510|-0.06986666;-3.546455
24.578|-0.07629473;-3.553156
24.645|-0.0791348;-3.560616
24.698|-0.0626148;-3.568038
24.758|-0.04713841;-3.571818
24.813|-0.04078256;-3.57696
24.869|-0.02938893;-3.573402
24.921|-0.02740331;-3.574117
24.970|-0.02521095;-3.579082
25.021|-0.02490446;-3.579215
25.070|-0.01980551;-3.581627
25.115|-0.01756954;-3.574315
25.164|-0.0157533;-3.569287
25.215|-0.01089156;-3.566842
25.259|-0.01104216;-3.560514
25.306|-0.0130536;-3.549144
25.356|-0.006328702;-3.544353
25.405|0.0004004389;-3.534681
25.455|-0.002463743;-3.5399
25.507|-0.00441952;-3.531194
25.557|-0.003522232;-3.530201
25.612|-0.001209334;-3.529328
25.667|-0.0008058697;-3.52865
25.715|-0.002985075;-3.525927
25.766|-0.002537414;-3.527118
25.817|-0.002731845;-3.528406
25.878|-0.005159363;-3.532145
25.940|-0.007564023;-3.533432
26.003|-0.008125067;-3.536314
26.058|-0.006050676;-3.539034
26.107|-0.006239057;-3.541862
26.155|-0.007104591;-3.543396
26.202|-0.007829115;-3.544139
26.251|-0.008237809;-3.546538
26.297|-0.009380013;-3.548172
26.346|-0.01102278;-3.550661
26.389|-0.01305075;-3.55387
26.435|-0.01547797;-3.558655
26.485|-0.01751725;-3.562788
26.534|-0.01774026;-3.573849
26.591|-0.01805906;-3.586597
26.645|-0.02735034;-3.588941
26.702|-0.03473385;-3.593249
26.757|-0.04473871;-3.597452
26.807|-0.05543543;-3.603846
26.858|-0.0593936;-3.608692
26.901|-0.0635938;-3.612952
26.948|-0.06653585;-3.611354
26.994|-0.06884791;-3.609072
27.037|-0.06817459;-3.59731
27.093|-0.06702214;-3.593526
27.155|-0.06415872;-3.578266
27.214|-0.05904867;-3.555457
27.275|-0.05738927;-3.543856
27.327|-0.05441417;-3.525591
27.378|-0.04898687;-3.505743
27.430|-0.05666995;-3.477735
27.481|-0.06147626;-3.479953
27.531|-0.0601058;-3.475497
27.573|-0.05680124;-3.472395
27.633|-0.05679667;-3.482487
27.682|-0.04485075;-3.489061
27.729|-0.04000071;-3.491397
27.774|-0.04748811;-3.488954
27.826|-0.0614025;-3.509955
27.874|-0.0607089;-3.501998
27.922|-0.05986203;-3.503995
27.969|-0.06417558;-3.50181
28.039|-0.06778058;-3.489516
28.117|-0.07529895;-3.500435
28.195|-0.07784393;-3.508611
28.266|-0.08444703;-3.533776
28.354|-0.08839338;-3.545039
28.446|-0.08822451;-3.549485
28.537|-0.08348565;-3.539638
28.627|-0.08192399;-3.544826
28.705|-0.08766355;-3.541947
28.791|-0.08671707;-3.54415
28.877|-0.08491246;-3.542864
28.929|-0.08352082;-3.545064
28.979|-0.08382821;-3.544904
29.028|-0.08487248;-3.543682
29.072|-0.07922895;-3.529832
29.123|-0.08068854;-3.535243
29.175|-0.08598693;-3.536924
29.229|-0.09188755;-3.525477
29.270|-0.09914888;-3.515109
29.321|-0.1015291;-3.511381
29.368|-0.1011359;-3.503492
29.422|-0.1024768;-3.496755
29.469|-0.1035882;-3.491339
29.517|-0.1093467;-3.492206
29.563|-0.1090284;-3.494483
29.631|-0.1092711;-3.494881
29.685|-0.1108825;-3.499573
29.750|-0.1132325;-3.502267
29.806|-0.1182827;-3.507854
29.866|-0.1209116;-3.510439
29.917|-0.1234886;-3.511025
29.966|-0.1213317;-3.512707
30.016|-0.1215326;-3.515126
30.062|-0.1219401;-3.507374
30.119|-0.1176445;-3.505113
30.178|-0.1140652;-3.499114
30.229|-0.114343;-3.501103
30.275|-0.1030877;-3.503469
30.326|-0.1023514;-3.502952
30.373|-0.1038906;-3.503414
30.423|-0.1033699;-3.507932
30.471|-0.09980428;-3.513785
30.522|-0.09547752;-3.518013
30.567|-0.08751994;-3.517017
30.621|-0.0846512;-3.520234
30.673|-0.08174093;-3.514413
30.725|-0.07908596;-3.508905
30.774|-0.07730842;-3.517581
30.830|-0.07583505;-3.519165
30.883|-0.07572818;-3.523733
30.942|-0.07178618;-3.497928
31.003|-0.06919472;-3.493029
31.060|-0.07092001;-3.49208
31.120|-0.07247074;-3.491632
31.166|-0.07254937;-3.492219
31.214|-0.07201946;-3.492908
31.261|-0.06703357;-3.511706
31.304|-0.06436162;-3.520079
31.351|-0.06385182;-3.521958
31.394|-0.06301017;-3.524341
31.440|-0.06794338;-3.52042
31.489|-0.06798957;-3.522383
31.539|-0.06840354;-3.524482
31.589|-0.06943755;-3.526859
31.645|-0.0656388;-3.518919
31.694|-0.0676332;-3.52168
31.739|-0.06874235;-3.523476
31.786|-0.06889339;-3.509348
31.838|-0.0707316;-3.509192
31.885|-0.0707746;-3.509312
31.933|-0.07145821;-3.513151
31.980|-0.07125922;-3.509904
32.031|-0.0711778;-3.508632
32.078|-0.06952843;-3.505952
32.138|-0.06790058;-3.508792
32.197|-0.06697606;-3.506635
32.257|-0.06810148;-3.505051
32.315|-0.06933747;-3.501945
32.372|-0.07048069;-3.499024
32.420|-0.07034741;-3.511356
32.472|-0.07526171;-3.514973
32.518|-0.05768164;-3.52304
32.566|-0.05696799;-3.522089
32.609|-0.07292242;-3.518207
32.661|-0.08937391;-3.526297
32.712|-0.08790262;-3.526129
32.761|-0.08593313;-3.52722
32.808|-0.0911314;-3.52854
32.861|-0.104915;-3.527295
32.911|-0.1017704;-3.523587
32.959|-0.09941027;-3.521327
33.009|-0.1078759;-3.533976
33.063|-0.1152536;-3.541391
33.119|-0.1133263;-3.545813
33.169|-0.1124608;-3.550241
33.218|-0.1168534;-3.55847
33.262|-0.1119646;-3.556744
33.310|-0.1020958;-3.55519
33.363|-0.1016064;-3.556815
33.410|-0.0899912;-3.546861
33.467|-0.07971044;-3.533329
33.526|-0.07599625;-3.52672
33.581|-0.06722109;-3.512788
33.654|-0.06917733;-3.517044
33.707|-0.06718899;-3.506433
33.760|-0.07217886;-3.514244
33.808|-0.07035476;-3.512281
33.860|-0.06952217;-3.511872
33.906|-0.07095364;-3.510297
33.956|-0.07476873;-3.510281
34.005|-0.07682604;-3.512072
34.055|-0.07746682;-3.510911
34.104|-0.07870054;-3.508229
34.151|-0.07925409;-3.509137
34.200|-0.08266157;-3.51035
34.249|-0.08401212;-3.510509
34.294|-0.07600752;-3.505172
34.342|-0.07274993;-3.513676
34.392|-0.07340844;-3.51553
34.439|-0.06801344;-3.510909
34.494|-0.05857114;-3.514011
34.555|-0.05299863;-3.510553
34.619|-0.05245999;-3.506461
34.690|-0.04335757;-3.51783
34.752|-0.04609729;-3.510656
34.812|-0.04663119;-3.515361
34.872|-0.04659632;-3.515899
34.926|-0.04997998;-3.53573
34.975|-0.05154406;-3.53394
35.026|-0.05149889;-3.532552
35.075|-0.05055632;-3.532845
35.122|-0.04835595;-3.534505
35.170|-0.04708482;-3.534611
35.219|-0.05058733;-3.523049
35.267|-0.05340327;-3.522028
35.314|-0.053169;-3.520933
35.360|-0.04974382;-3.515293
35.407|-0.05271755;-3.516148
35.458|-0.05206962;-3.515482
35.503|-0.05288325;-3.523561
35.552|-0.05294757;-3.522083
35.606|-0.05343483;-3.52119
35.664|-0.05889653;-3.512816
35.715|-0.06168939;-3.509504
35.761|-0.06186785;-3.507488
35.810|-0.07213283;-3.50762
35.859|-0.07371631;-3.515249
35.907|-0.0761821;-3.520436
35.966|-0.07722262;-3.522286
36.018|-0.07645121;-3.522201
36.077|-0.07342537;-3.521903
36.135|-0.07535656;-3.52041
36.192|-0.07536088;-3.523953
36.248|-0.07488358;-3.526889
36.299|-0.07425088;-3.528639
36.348|-0.07564844;-3.527211
36.404|-0.07348496;-3.523745
36.454|-0.07233666;-3.524739
36.512|-0.07205449;-3.525453
36.561|-0.06977816;-3.516284
36.611|-0.06575723;-3.506933
36.662|-0.06557883;-3.507876
36.713|-0.06475432;-3.509633
36.770|-0.06374803;-3.50586
36.820|-0.05386858;-3.507549
36.871|-0.0530449;-3.512725
36.924|-0.05290727;-3.511429
36.972|-0.0461181;-3.497102
37.026|-0.05097963;-3.515667
37.073|-0.05360068;-3.513415
37.120|-0.05397113;-3.512955
37.170|-0.06348003;-3.523465
37.235|-0.07432438;-3.535863
37.302|-0.07699464;-3.533626
37.364|-0.08693168;-3.526945
37.425|-0.09168915;-3.527108
37.484|-0.09872021;-3.516903
37.536|-0.1047421;-3.513851
37.584|-0.1062965;-3.513125
37.638|-0.106754;-3.512143
37.688|-0.106319;-3.514131
37.743|-0.1046252;-3.51549
37.794|-0.1051598;-3.516203
37.845|-0.1073373;-3.511448
37.894|-0.1090941;-3.504832
37.941|-0.1129752;-3.496374
37.990|-0.1063123;-3.484798
38.041|-0.1063616;-3.480069
38.094|-0.1034221;-3.471635
38.141|-0.1086578;-3.482412
38.196|-0.1082477;-3.480788
38.248|-0.1093818;-3.480358
38.302|-0.111853;-3.47939
38.354|-0.1174007;-3.479793
38.412|-0.1154099;-3.479978
38.468|-0.1166041;-3.486636
38.528|-0.1172092;-3.491564
38.587|-0.115522;-3.494915
38.652|-0.114605;-3.498589
38.715|-0.1172084;-3.503186
38.764|-0.1168683;-3.50936
38.813|-0.1110004;-3.51822
38.868|-0.1065204;-3.518009
38.918|-0.102568;-3.519226
38.965|-0.1019678;-3.526775
39.012|-0.1072064;-3.529848
39.061|-0.1037791;-3.542451
39.107|-0.10167;-3.546082
39.157|-0.09650373;-3.552172
39.205|-0.09580384;-3.552866
39.259|-0.09880345;-3.562186
39.315|-0.1002792;-3.558648
39.367|-0.1017153;-3.558192
39.412|-0.1007167;-3.542006
39.466|-0.09901719;-3.543642
39.513|-0.09859803;-3.540304
39.562|-0.09973296;-3.539419
39.608|-0.09708011;-3.53492
39.660|-0.09793822;-3.533898
39.715|-0.0994466;-3.532619
39.771|-0.1012774;-3.531512
39.822|-0.1031481;-3.525221
39.884|-0.1049931;-3.518062
39.942|-0.1059289;-3.515862
40.004|-0.1072709;-3.513633
40.051|-0.1087088;-3.511385
40.101|-0.109875;-3.510412
40.150|-0.1027299;-3.511105
40.199|-0.1035711;-3.511152
40.249|-0.1399009;-3.566399
40.302|-0.1185631;-3.543971
40.353|-0.1124451;-3.541151
40.402|-0.1115375;-3.541393
40.455|-0.1102568;-3.541548
40.502|-0.1051716;-3.531233
40.553|-0.10841;-3.530825
40.604|-0.1096756;-3.523987
40.658|-0.1075885;-3.52212
40.714|-0.1051786;-3.518841
40.766|-0.1102846;-3.521233
40.819|-0.1110868;-3.518505
40.869|-0.1085595;-3.515536
40.917|-0.1024417;-3.503734
40.971|-0.09982514;-3.497618
41.027|-0.1018838;-3.504663
41.081|-0.1004165;-3.507731
41.143|-0.1022967;-3.514537
41.207|-0.09689648;-3.518357
41.268|-0.09296182;-3.521249
41.326|-0.09066622;-3.523679
41.380|-0.07706209;-3.512015
41.431|-0.07558088;-3.51193
41.478|-0.07403181;-3.511771
41.531|-0.06973571;-3.520823
41.582|-0.0701907;-3.52069
41.636|-0.0703451;-3.520894
41.680|-0.07090376;-3.520838
41.738|-0.07200061;-3.520236
41.788|-0.08344536;-3.512614
41.833|-0.08859937;-3.507546
41.880|-0.09105782;-3.507464
41.927|-0.09400769;-3.507104
41.975|-0.09203945;-3.505924
42.024|-0.09441678;-3.503289
42.072|-0.1007391;-3.521908
42.122|-0.09642029;-3.524508
42.179|-0.09518538;-3.524433
42.232|-0.09452991;-3.524136
42.281|-0.09384194;-3.518451
42.340|-0.09657815;-3.51852
42.403|-0.09789628;-3.516761
42.461|-0.09802805;-3.516713
42.520|-0.09670676;-3.517317
42.586|-0.08599322;-3.517676
42.634|-0.0853128;-3.511164
42.682|-0.0832352;-3.517401
42.739|-0.08170509;-3.513473
42.786|-0.07861628;-3.521766
42.836|-0.07885548;-3.520447
42.886|-0.07522628;-3.509517
42.936|-0.08078904;-3.505413
42.986|-0.07859734;-3.492804
43.036|-0.07936665;-3.491497
43.085|-0.07894728;-3.48228
43.136|-0.08221656;-3.485091
43.186|-0.08821081;-3.487133
43.240|-0.0865876;-3.490846
43.292|-0.08467069;-3.494939
43.340|-0.08484656;-3.50533
43.391|-0.09515134;-3.498444
43.438|-0.1050913;-3.49962
43.487|-0.1051696;-3.506317
43.536|-0.1117971;-3.5188
43.586|-0.114807;-3.525662
43.649|-0.1190475;-3.533042
43.712|-0.1221545;-3.534008
43.778|-0.1198052;-3.541027
43.838|-0.119837;-3.545922
43.882|-0.1081449;-3.538229
43.930|-0.09589131;-3.53292
44.005|-0.09715925;-3.535287
44.061|-0.1002406;-3.539016
44.112|-0.09655143;-3.53746
44.165|-0.09731387;-3.53803
44.214|-0.09381218;-3.537626
44.268|-0.09461406;-3.536611
44.324|-0.09220981;-3.531186
44.377|-0.09688436;-3.525611
44.428|-0.09809964;-3.525774
44.473|-0.1048458;-3.535447
44.523|-0.1162256;-3.54382
44.574|-0.1235371;-3.550607
44.624|-0.123541;-3.551476
44.667|-0.1244143;-3.538625
44.717|-0.1233595;-3.533875
44.777|-0.1242364;-3.528013
44.824|-0.1221759;-3.517466
44.877|-0.1276757;-3.530842
44.937|-0.1266096;-3.534376
44.992|-0.1366776;-3.554131
45.052|-0.1347819;-3.557241
45.110|-0.1350408;-3.560356
45.157|-0.1364079;-3.56174
45.203|-0.142414;-3.564131
45.249|-0.1457461;-3.562111
45.300|-0.1459847;-3.561909
45.349|-0.1523058;-3.557214
45.402|-0.1519132;-3.55126
45.449|-0.1499436;-3.544458
45.499|-0.1489767;-3.540575
45.544|-0.1464793;-3.539526
45.594|-0.1415998;-3.537581
45.651|-0.1408798;-3.535704
45.699|-0.1369027;-3.531181
45.754|-0.1381596;-3.534876
45.805|-0.1348949;-3.534623
45.859|-0.1356702;-3.54112
45.911|-0.1385727;-3.545023
45.959|-0.1417922;-3.553696
46.007|-0.1417156;-3.551994
46.053|-0.1353309;-3.558691
46.102|-0.1254275;-3.556229
46.160|-0.1226386;-3.555719
46.215|-0.1129779;-3.547709
46.277|-0.1118951;-3.547319
46.335|-0.1144794;-3.539829
46.397|-0.1156566;-3.539268
46.449|-0.1199397;-3.536888
46.501|-0.1200362;-3.53585
46.549|-0.1199188;-3.539164
46.599|-0.1151191;-3.53752
46.646|-0.1144787;-3.528479
46.694|-0.1146516;-3.528596
46.743|-0.1119936;-3.529177
46.798|-0.1121847;-3.527881
46.848|-0.1109686;-3.525005
46.895|-0.1122486;-3.523799
46.941|-0.1131725;-3.522429
46.987|-0.1187802;-3.533624
47.037|-0.1207436;-3.5313
47.089|-0.122331;-3.528445
47.136|-0.1163682;-3.532133
47.183|-0.1121678;-3.525662
47.229|-0.1132186;-3.522732
47.277|-0.1134782;-3.524335
47.328|-0.113571;-3.522707
47.377|-0.1146685;-3.524661
47.439|-0.1150834;-3.522822
47.499|-0.117739;-3.515589
47.561|-0.1210108;-3.505097
47.620|-0.1742001;-3.555988
47.677|-0.141077;-3.510036
47.730|-0.1346393;-3.484871
47.786|-0.128217;-3.477466
47.837|-0.119203;-3.472969
47.884|-0.1090378;-3.474346
47.934|-0.09837577;-3.467802
47.979|-0.09586925;-3.466143
48.028|-0.0912044;-3.470087
48.078|-0.08955526;-3.485807
48.127|-0.08347595;-3.489104
48.174|-0.08853194;-3.496277
48.227|-0.08718297;-3.498858
48.274|-0.09717006;-3.519436
48.326|-0.09732831;-3.522757
48.375|-0.1006355;-3.523387
48.427|-0.1066613;-3.536865
48.483|-0.1098674;-3.538424
48.540|-0.1187149;-3.54202
48.590|-0.1352553;-3.547202
48.644|-0.154265;-3.541461
48.693|-0.1624108;-3.544627
48.759|-0.1598344;-3.539143
48.834|-0.1622457;-3.537187
48.895|-0.1784611;-3.547035
48.957|-0.1864567;-3.561294
49.006|-0.1803925;-3.57749
49.055|-0.1872604;-3.596027
49.107|-0.1649237;-3.587525
49.156|-0.153879;-3.587256
49.208|-0.1371002;-3.588321
49.260|-0.1326539;-3.59163
49.309|-0.1284161;-3.587319
49.363|-0.1586402;-3.658999
49.417|-0.1616116;-3.661667
49.466|-0.1625303;-3.661749
49.513|-0.1685501;-3.661409
49.564|-0.1434959;-3.632454
49.621|-0.1249136;-3.5615
49.678|-0.1444478;-3.647737
49.727|-0.1450098;-3.643204
49.778|-0.1093432;-3.532241
49.827|-0.1329647;-3.618115
49.875|-0.1017513;-3.513526
49.923|-0.1012308;-3.511133
49.969|-0.1101586;-3.514602
50.031|-0.1166013;-3.516108
50.092|-0.1255524;-3.516188
50.153|-0.1298243;-3.520449
50.211|-0.1378252;-3.510008
50.263|-0.1326581;-3.492239
50.310|-0.1256599;-3.48262
50.363|-0.1192204;-3.475237
50.411|-0.1128597;-3.469486
50.462|-0.1028856;-3.463788
50.511|-0.1044243;-3.475973
50.563|-0.1024551;-3.485464
50.616|-0.1032919;-3.503751
50.677|-0.1046415;-3.507249
50.729|-0.1052519;-3.508854
50.775|-0.1180191;-3.512468
50.830|-0.1281279;-3.518616
50.885|-0.1282265;-3.518927
50.943|-0.1325829;-3.518188
51.000|-0.1327138;-3.518007
51.057|-0.1364467;-3.521945
51.112|-0.1376327;-3.523588
51.166|-0.13771;-3.524791
51.216|-0.1382671;-3.5273
51.280|-0.1383431;-3.526695
51.348|-0.1414921;-3.530808
51.414|-0.1464901;-3.528795
51.482|-0.1504551;-3.528261
51.541|-0.1525938;-3.529215
51.600|-0.1541854;-3.532074
51.658|-0.1489398;-3.533623
51.714|-0.1485583;-3.530414
51.765|-0.1507916;-3.531254
51.820|-0.1469501;-3.531002
51.874|-0.1497751;-3.529509
51.923|-0.1514801;-3.532746
51.977|-0.1552973;-3.53668
52.022|-0.1627046;-3.539198
52.078|-0.16498;-3.542459
52.130|-0.141417;-3.539145
52.180|-0.1373493;-3.525607
52.234|-0.1404956;-3.528768
52.278|-0.1410777;-3.533824
52.333|-0.1363486;-3.532066
52.391|-0.1363308;-3.53562
52.444|-0.1216654;-3.534345
52.493|-0.122264;-3.539062
52.544|-0.1171225;-3.544615
52.607|-0.1221543;-3.55209
52.664|-0.1244003;-3.554191
52.729|-0.1229574;-3.557885
52.792|-0.1183069;-3.532881
52.854|-0.1277293;-3.531439
52.909|-0.1226891;-3.536941
52.961|-0.1315514;-3.53691
53.010|-0.1331336;-3.540527
53.064|-0.1184627;-3.55003
53.117|-0.09896547;-3.54308
53.169|-0.1058627;-3.54003
53.218|-0.09288442;-3.539219
53.271|-0.08871022;-3.534978
53.327|-0.08713339;-3.534205
53.384|-0.0898663;-3.539223
53.437|-0.08996482;-3.540351
53.484|-0.09165317;-3.540513
53.541|-0.09167776;-3.538904
53.591|-0.09378549;-3.53649
53.643|-0.09760199;-3.534607
53.694|-0.09502624;-3.535285
53.743|-0.09364489;-3.537581
53.799|-0.09363839;-3.536272
53.871|-0.09266499;-3.534152
53.929|-0.08651632;-3.534883
53.991|-0.08318251;-3.532881
54.051|-0.08349331;-3.538198
54.104|-0.0804577;-3.545886
54.158|-0.08244291;-3.537957
54.210|-0.07855056;-3.539118
54.263|-0.07261552;-3.527394
54.311|-0.0718482;-3.51938
54.364|-0.06742804;-3.521451
54.409|-0.05841288;-3.529364
54.462|-0.05896454;-3.546673
54.514|-0.06194986;-3.535859
54.564|-0.06156325;-3.515288
54.617|-0.07017179;-3.531243
54.669|-0.06837614;-3.530466
54.712|-0.07146043;-3.531267
54.766|-0.07356484;-3.530801
54.822|-0.07831886;-3.530025
54.875|-0.08229639;-3.530575
54.934|-0.08160092;-3.530104
54.980|-0.07978977;-3.527805
55.030|-0.08105035;-3.509996
55.077|-0.07279904;-3.511491
55.139|-0.07163502;-3.513194
55.192|-0.07023428;-3.508312
55.252|-0.06914814;-3.51225
55.313|-0.07118878;-3.518898
55.372|-0.07056488;-3.518895
55.422|-0.06784879;-3.520273
55.475|-0.06707849;-3.520018
55.518|-0.06633261;-3.519515
55.572|-0.06320366;-3.516309
55.622|-0.06391335;-3.515977
55.675|-0.06386556;-3.517789
55.723|-0.0647978;-3.519523
55.780|-0.0646695;-3.520571
55.837|-0.06377821;-3.521333
55.885|-0.05588214;-3.521619
55.935|-0.0543689;-3.522974
55.984|-0.05389239;-3.521583
56.035|-0.05241336;-3.521021
56.083|-0.05443846;-3.523105
56.132|-0.0536622;-3.522344
56.184|-0.05398636;-3.524682
56.236|-0.05571125;-3.521862
56.282|-0.05795743;-3.519178
56.333|-0.05807334;-3.527079
56.398|-0.05560683;-3.532368
56.465|-0.05680576;-3.5438
56.532|-0.05796503;-3.528368
56.600|-0.05723073;-3.524182
56.660|-0.05558272;-3.520437
56.710|-0.05461319;-3.520332
56.759|-0.05402969;-3.520522
56.807|-0.05305795;-3.529514
56.861|-0.04871605;-3.526806
56.909|-0.0475084;-3.526853
56.959|-0.04704128;-3.52655
57.007|-0.04796396;-3.524567
57.053|-0.04793547;-3.522967
57.102|-0.04860987;-3.520993
57.145|-0.04968235;-3.518651
57.193|-0.05374631;-3.519961
57.241|-0.05952787;-3.523653
57.289|-0.05908722;-3.524601
57.339|-0.0683468;-3.538991
57.386|-0.08193398;-3.553189
57.433|-0.0801664;-3.556336
57.479|-0.08307642;-3.561599
57.532|-0.08783971;-3.561724
57.587|-0.09356519;-3.565022
57.644|-0.09182563;-3.568975
57.699|-0.0958004;-3.572023
57.760|-0.09503214;-3.574363
57.820|-0.09683101;-3.57386
57.903|-0.09721927;-3.572613
57.955|-0.09694456;-3.579536
58.011|-0.09795129;-3.580127
58.063|-0.09744011;-3.582265
58.114|-0.08972847;-3.571969
58.167|-0.09007408;-3.571599
58.213|-0.08324189;-3.569465
58.263|-0.08313918;-3.569631
58.310|-0.08200501;-3.569044
58.362|-0.08117889;-3.568141
58.411|-0.08025332;-3.566396
58.465|-0.08265121;-3.563678
58.511|-0.08398414;-3.566687
58.560|-0.08367515;-3.564883
58.607|-0.08550824;-3.56392
58.662|-0.09830685;-3.57385
58.707|-0.1005249;-3.573061
58.758|-0.1016778;-3.570168
58.805|-0.103252;-3.567401
58.863|-0.1068422;-3.566545
58.925|-0.1082809;-3.554739
58.989|-0.1114731;-3.547568
59.051|-0.11195;-3.540633
59.111|-0.1109509;-3.529393
59.171|-0.1107751;-3.525759
59.222|-0.1099247;-3.518985
59.274|-0.1102198;-3.518241
59.319|-0.1101536;-3.520221
59.375|-0.110951;-3.527564
59.423|-0.1104763;-3.527634
59.474|-0.1095694;-3.526305
59.525|-0.1095921;-3.526724
59.574|-0.1053546;-3.528293
59.627|-0.1059517;-3.524616
59.677|-0.1048729;-3.52575
59.726|-0.1044177;-3.526183
59.778|-0.1052699;-3.524374
59.832|-0.1071999;-3.523483
59.889|-0.1042466;-3.522721
59.947|-0.1033974;-3.523394
59.997|-0.1039956;-3.522539
60.042|-0.1058067;-3.524722
60.094|-0.1085179;-3.531288
60.142|-0.1115356;-3.530748
60.202|-0.1143202;-3.530791
60.258|-0.1233998;-3.532806
60.319|-0.128361;-3.54124
60.380|-0.1268277;-3.548886
60.438|-0.1309164;-3.555574
60.488|-0.1306083;-3.562388
60.540|-0.1324389;-3.568529
60.592|-0.1356518;-3.57389
60.641|-0.1358674;-3.57456
60.693|-0.1375454;-3.577125
60.748|-0.1424733;-3.581554
60.799|-0.1436491;-3.58474
60.847|-0.1419284;-3.588657
60.903|-0.1423254;-3.592551
60.948|-0.141472;-3.59537
61.001|-0.1392485;-3.598509
61.052|-0.1379588;-3.601385
61.102|-0.1368009;-3.604396
61.148|-0.1359272;-3.604352
61.198|-0.1365544;-3.600053
61.249|-0.1320955;-3.595348
61.300|-0.1300805;-3.594248
61.347|-0.1243914;-3.584773
61.399|-0.1188555;-3.579067
61.453|-0.1162747;-3.576733
61.515|-0.1154236;-3.573349
61.569|-0.1153155;-3.573238
61.633|-0.1141256;-3.566975
61.699|-0.1103116;-3.564116
61.751|-0.1078148;-3.555671
61.804|-0.1050289;-3.550629
61.857|-0.09915507;-3.548442
61.920|-0.09715992;-3.55059
61.973|-0.0959357;-3.546957
62.019|-0.09416775;-3.537752
62.068|-0.09404759;-3.535503
62.115|-0.09494877;-3.534257
62.168|-0.09454036;-3.531109
62.215|-0.1011921;-3.530377
62.271|-0.1108122;-3.535744
62.320|-0.1197879;-3.545962
62.371|-0.1197653;-3.545911
62.417|-0.1191068;-3.550379
62.467|-0.1192756;-3.550596
62.514|-0.1199649;-3.548772
62.565|-0.1205298;-3.548664
62.613|-0.1239854;-3.554438
62.667|-0.1291195;-3.554505
62.731|-0.1282824;-3.554983
62.794|-0.1296932;-3.548609
62.856|-0.1259707;-3.541904
62.936|-0.1285976;-3.530767
62.998|-0.1325507;-3.519292
63.050|-0.1159029;-3.521423
63.099|-0.1168983;-3.519875
63.148|-0.1135717;-3.52417
63.197|-0.1123966;-3.523693
63.250|-0.1149991;-3.520903
63.298|-0.1137261;-3.520998
63.347|-0.1129467;-3.52112
63.398|-0.1127091;-3.520637
63.448|-0.1143978;-3.520496
63.502|-0.1131719;-3.517645
63.546|-0.113323;-3.513088
63.601|-0.1138587;-3.503304
63.657|-0.1212774;-3.507829
63.713|-0.1257237;-3.513135
63.765|-0.1261532;-3.509214
63.819|-0.1278473;-3.513108
63.870|-0.1282654;-3.51506
63.923|-0.1640889;-3.542149
63.977|-0.1656933;-3.55032
64.051|-0.1641138;-3.55267
64.127|-0.1444599;-3.541201
64.200|-0.1353687;-3.53953
64.268|-0.1319446;-3.543444
64.328|-0.1328239;-3.54902
64.393|-0.1328664;-3.546934
64.464|-0.1347586;-3.547212
64.529|-0.1338359;-3.548599
64.594|-0.1571747;-3.560256
64.666|-0.1522078;-3.564438
64.733|-0.1122543;-3.531202
64.797|-0.1421297;-3.556592
64.846|-0.1121884;-3.542308
64.898|-0.1126832;-3.544994
64.949|-0.1389883;-3.565496
65.000|-0.1102511;-3.554485
65.054|-0.1021023;-3.545002
65.107|-0.1016889;-3.547558
65.156|-0.0925657;-3.542166
65.204|-0.08680834;-3.540328
65.257|-0.0860783;-3.536398
65.322|-0.0835961;-3.540006
65.388|-0.08380115;-3.543983
65.448|-0.08121896;-3.547087
65.500|-0.08495383;-3.54504
65.555|-0.0869915;-3.539507
65.605|-0.08950514;-3.54269
65.663|-0.08832957;-3.542274
65.715|-0.08850968;-3.542434
65.766|-0.08725035;-3.54208
65.814|-0.086494;-3.540718
65.865|-0.09376164;-3.538829
65.919|-0.09766348;-3.53476
65.976|-0.09613438;-3.534038
66.025|-0.09558143;-3.534801
66.082|-0.09990606;-3.530715
66.137|-0.1005108;-3.529133
66.191|-0.1057141;-3.530233
66.242|-0.1055746;-3.526399
66.290|-0.1084918;-3.517434
66.341|-0.1119024;-3.502226
66.393|-0.1100403;-3.497092
66.445|-0.1113917;-3.489012
66.500|-0.1099265;-3.482264
66.555|-0.1149493;-3.478119
66.619|-0.1261636;-3.483491
66.687|-0.1333214;-3.493257
66.755|-0.1416721;-3.501905
66.814|-0.1471387;-3.509256
66.867|-0.1499958;-3.521521
66.914|-0.1415932;-3.537186
66.968|-0.1424292;-3.546999
67.015|-0.1323869;-3.554823
67.067|-0.1247937;-3.558625
67.115|-0.124354;-3.561809
67.166|-0.1232345;-3.563982
67.214|-0.1172524;-3.561836
67.268|-0.1158498;-3.563337
67.317|-0.1130879;-3.565935
67.366|-0.1119593;-3.568676
67.413|-0.107628;-3.566778
67.466|-0.1048635;-3.56129
67.517|-0.1040671;-3.555502
67.568|-0.1039462;-3.556202
67.615|-0.1055126;-3.552706
67.666|-0.107289;-3.558864
67.714|-0.1079496;-3.56124
67.765|-0.1079003;-3.560451
67.817|-0.1072978;-3.564066
67.881|-0.1071991;-3.564294
67.947|-0.1071601;-3.571231
68.011|-0.1064176;-3.562554
68.069|-0.102996;-3.561331
68.124|-0.1017904;-3.553926
68.185|-0.1000572;-3.551527
68.233|-0.09960751;-3.551895
68.280|-0.09861371;-3.550763
68.330|-0.1018083;-3.552642
68.391|-0.1048239;-3.550726
68.455|-0.1054469;-3.549963
68.516|-0.1088084;-3.545957
68.584|-0.1122565;-3.540245
68.652|-0.1085265;-3.546543
68.717|-0.1042638;-3.545578
68.787|-0.1050211;-3.546754
68.860|-0.1073531;-3.546685
68.943|-0.1066207;-3.55034
69.012|-0.1020902;-3.5465
69.085|-0.101125;-3.536836
69.170|-0.1061325;-3.5323
69.264|-0.1071552;-3.526845
69.348|-0.117554;-3.52084
69.414|-0.1160863;-3.51632
69.490|-0.1135176;-3.514599
69.543|-0.1111558;-3.511227
69.594|-0.1067458;-3.510311
69.648|-0.1122994;-3.514331
69.699|-0.1120795;-3.511329
69.751|-0.1153173;-3.512835
69.803|-0.1128969;-3.506861
69.854|-0.113291;-3.504429
69.910|-0.1125752;-3.510426
69.969|-0.1116891;-3.515344
70.025|-0.1106782;-3.512715
70.080|-0.1100481;-3.50873
70.125|-0.12244;-3.531014
70.180|-0.1230237;-3.530258
70.234|-0.1220292;-3.528639
70.290|-0.1282524;-3.539875
70.343|-0.1239412;-3.53719
70.397|-0.1263142;-3.547573
70.455|-0.1220245;-3.546984
70.522|-0.1257085;-3.545397
70.588|-0.1274612;-3.543827
70.647|-0.1263291;-3.543551
70.698|-0.133971;-3.540108
70.750|-0.1350197;-3.541768
70.798|-0.1348431;-3.542136
70.847|-0.1340373;-3.542977
70.901|-0.1320694;-3.539021
70.948|-0.1317361;-3.539472
71.003|-0.1311275;-3.540431
71.050|-0.1286226;-3.534844
71.102|-0.125414;-3.529507
71.156|-0.1202985;-3.523925
71.206|-0.1190604;-3.524847
71.256|-0.1159054;-3.526124
71.313|-0.1139725;-3.525261
71.370|-0.1129815;-3.521163
71.420|-0.1118867;-3.519202
71.471|-0.1131463;-3.519314
71.520|-0.1136825;-3.51494
71.576|-0.1111923;-3.513094
71.636|-0.1064391;-3.509266
71.699|-0.09827289;-3.507379
71.765|-0.09093635;-3.503671
71.832|-0.08980733;-3.497052
71.894|-0.09289522;-3.48909
71.949|-0.09713584;-3.488437
72.008|-0.09363268;-3.491796
72.057|-0.09982623;-3.496844
72.102|-0.09689307;-3.506541
72.156|-0.09037395;-3.51285
72.207|-0.09398668;-3.516462
72.255|-0.0907512;-3.520856
72.314|-0.08522986;-3.519277
72.369|-0.08487321;-3.517091
72.424|-0.08361368;-3.514292
72.475|-0.08428483;-3.516473
72.520|-0.08416606;-3.516893
72.572|-0.08374543;-3.516142
72.626|-0.08397005;-3.510648
72.680|-0.08422805;-3.510893
72.729|-0.08487034;-3.509379
72.781|-0.08594988;-3.511525
72.835|-0.08726622;-3.507141
72.888|-0.08764032;-3.505926
72.957|-0.08539492;-3.504238
73.037|-0.0889353;-3.502331
73.103|-0.08727424;-3.503027
73.169|-0.08468762;-3.503746
73.218|-0.08404818;-3.501846
73.271|-0.08436278;-3.503624
73.316|-0.0859405;-3.504774
73.368|-0.0829657;-3.498425
73.420|-0.08180842;-3.495412
73.470|-0.07866508;-3.494488
73.519|-0.07519664;-3.496346
73.578|-0.07228266;-3.490186
73.632|-0.07315165;-3.491842
73.681|-0.07806188;-3.495392
73.733|-0.07671121;-3.494689
73.780|-0.08054695;-3.494833
73.832|-0.08361381;-3.503609
73.881|-0.08285816;-3.505027
73.944|-0.0823196;-3.504581
73.996|-0.08198445;-3.504096
74.051|-0.08357292;-3.511882
74.104|-0.07587139;-3.510624
74.158|-0.06974283;-3.503853
74.224|-0.0683341;-3.500114
74.281|-0.07195142;-3.503544
74.345|-0.07381217;-3.508053
74.409|-0.07614032;-3.50435
74.473|-0.07453521;-3.501946
74.528|-0.0796422;-3.510257
74.582|-0.0840258;-3.509123
74.635|-0.09154774;-3.528666
74.682|-0.09296045;-3.530334
74.735|-0.09652865;-3.532905
74.785|-0.101431;-3.535824
74.849|-0.107047;-3.540666
74.914|-0.1205317;-3.541669
74.973|-0.1301929;-3.543388
75.047|-0.137173;-3.548436
75.105|-0.1382232;-3.55194
75.166|-0.1371976;-3.569906
75.227|-0.1301925;-3.573488
75.282|-0.1243036;-3.584467
75.337|-0.1150927;-3.588981
75.401|-0.1085268;-3.591573
75.465|-0.1042167;-3.58083
75.534|-0.1068732;-3.583964
75.602|-0.09873042;-3.581798
75.673|-0.08943792;-3.578011
75.740|-0.0845996;-3.574495
75.806|-0.0783294;-3.566521
75.864|-0.07632495;-3.550227
75.922|-0.07152979;-3.529801
75.979|-0.07078741;-3.517383
76.036|-0.07487975;-3.529893
76.093|-0.07205045;-3.52968
76.147|-0.07209599;-3.530471
76.199|-0.07256965;-3.531297
76.254|-0.07713117;-3.541054
76.313|-0.06761001;-3.545141
76.368|-0.06044842;-3.536215
76.424|-0.04393141;-3.503491
76.477|-0.04447167;-3.501278
76.527|-0.04107831;-3.490551
76.581|-0.04507811;-3.513108
76.635|-0.0414546;-3.520279
76.685|-0.04001139;-3.516254
76.733|-0.03953509;-3.514195
76.781|-0.04944272;-3.515215
76.837|-0.05340667;-3.518117
76.895|-0.05540581;-3.514638
76.951|-0.059873;-3.521751
77.024|-0.06122975;-3.508087
77.088|-0.05880536;-3.505198
77.143|-0.05709498;-3.504233
77.202|-0.05551776;-3.505397
77.262|-0.05710043;-3.508528
77.323|-0.0594364;-3.524732
77.396|-0.05087274;-3.53228
77.464|-0.0525793;-3.533982
77.529|-0.05066299;-3.525854
77.588|-0.05336519;-3.527967
77.652|-0.05354871;-3.526153
77.715|-0.08166333;-3.565623
77.774|-0.0881127;-3.568284
77.835|-0.09067518;-3.566281
77.895|-0.08501914;-3.524971
77.962|-0.1166402;-3.555801
78.038|-0.1195367;-3.551024
78.112|-0.1144066;-3.520585
78.189|-0.1190427;-3.512795
78.263|-0.1216237;-3.520009
78.335|-0.1260296;-3.517984
78.403|-0.1224103;-3.51938
78.471|-0.1233566;-3.520603
78.541|-0.1275372;-3.525072
78.612|-0.1244236;-3.525848
78.674|-0.1239355;-3.526765
78.739|-0.1214125;-3.520959
78.807|-0.1121033;-3.512839
78.872|-0.1077154;-3.516737
78.942|-0.09933308;-3.497342
79.010|-0.08538358;-3.497941
79.078|-0.07798111;-3.488563
79.138|-0.07587004;-3.491368
79.201|-0.06892388;-3.483604
79.261|-0.06649218;-3.476838
79.327|-0.1243346;-3.587811
79.400|-0.1171959;-3.645281
79.476|-0.08267678;-3.54207
79.550|-0.07367086;-3.522216
79.628|-0.08309052;-3.529537
79.698|-0.08420719;-3.531579
79.764|-0.08592002;-3.520106
79.830|-0.08444274;-3.522708
79.880|-0.08202735;-3.525877
79.932|-0.0817754;-3.527094
79.982|-0.08149429;-3.527955
80.030|-0.08083454;-3.5286
80.089|-0.0806661;-3.528979
80.139|-0.08108032;-3.528584
80.187|-0.08051914;-3.52579
80.239|-0.08087938;-3.527992
80.291|-0.08359645;-3.525822
80.341|-0.08490328;-3.524063
80.387|-0.08624193;-3.523246
80.439|-0.08027102;-3.529964
80.490|-0.07988942;-3.528423
80.542|-0.08098459;-3.525655
80.590|-0.08155473;-3.522975
80.650|-0.07848482;-3.517393
80.712|-0.07924171;-3.521017
80.772|-0.07736981;-3.520381
80.841|-0.07352586;-3.526093
80.899|-0.07048851;-3.525631
80.949|-0.06695266;-3.520007
81.002|-0.06354494;-3.518976
81.055|-0.06644733;-3.545122
81.110|-0.07041167;-3.543601
81.162|-0.06804255;-3.542812
81.215|-0.06567872;-3.542827
81.260|-0.06410123;-3.54267
81.316|-0.08102155;-3.540015
81.369|-0.08594678;-3.537445
81.418|-0.09341002;-3.537987
81.471|-0.09490243;-3.53788
81.523|-0.0970892;-3.537885
81.578|-0.09908292;-3.53848
81.630|-0.09502797;-3.536919
81.679|-0.09394734;-3.54131
81.730|-0.0933861;-3.544699
81.783|-0.09272352;-3.540294
81.839|-0.09143017;-3.539392
81.896|-0.09055331;-3.542373
81.959|-0.09084652;-3.544003
82.022|-0.09075226;-3.546335
82.086|-0.09381455;-3.548334
82.146|-0.0972936;-3.550025
82.196|-0.09762152;-3.551721
82.252|-0.09967493;-3.553406
82.312|-0.09999757;-3.552657
82.366|-0.1011978;-3.548886
82.416|-0.1014142;-3.547351
82.467|-0.1024664;-3.544036
82.520|-0.1031921;-3.546664
82.576|-0.1030345;-3.547929
82.632|-0.1018246;-3.551291
82.684|-0.1014189;-3.551773
82.736|-0.1021613;-3.552926
82.783|-0.1020214;-3.550197
82.832|-0.1060214;-3.550436
82.881|-0.1087358;-3.54272
82.931|-0.1124374;-3.529392
82.977|-0.1156011;-3.522951
83.030|-0.1165739;-3.531056
83.093|-0.1172718;-3.525374
83.146|-0.1179288;-3.51956
83.200|-0.1253624;-3.527208
83.265|-0.1265973;-3.525224
83.329|-0.1253258;-3.528338
83.394|-0.1241831;-3.524819
83.452|-0.12492;-3.527193
83.503|-0.1235517;-3.530806
83.550|-0.1206783;-3.532821
83.602|-0.1202737;-3.532846
83.651|-0.1146243;-3.53615
83.704|-0.1131395;-3.538405
83.759|-0.1131479;-3.542202
83.809|-0.1117507;-3.543208
83.854|-0.112782;-3.544516
83.906|-0.1118095;-3.544263
83.959|-0.1140567;-3.541641
84.008|-0.1123539;-3.539899
84.058|-0.112567;-3.535735
84.119|-0.1114747;-3.526113
84.170|-0.1123347;-3.519697
84.215|-0.1072897;-3.513704
84.264|-0.1038793;-3.508967
84.308|-0.1040045;-3.502368
84.358|-0.1022703;-3.497905
84.411|-0.09851637;-3.494471
84.461|-0.09957771;-3.491683
84.521|-0.0983661;-3.492034
84.584|-0.09415679;-3.493911
84.649|-0.09743166;-3.496197
84.709|-0.09268121;-3.498207
84.765|-0.09781799;-3.49875
84.815|-0.09674209;-3.495299
84.865|-0.09574989;-3.494241
84.910|-0.096153;-3.498211
84.960|-0.09488725;-3.496576
85.010|-0.09477853;-3.495985
85.057|-0.09415107;-3.494075
85.116|-0.09190305;-3.493394
85.166|-0.09089165;-3.493404
85.215|-0.08944699;-3.493647
85.268|-0.08835456;-3.493323
85.317|-0.0919493;-3.503962
85.366|-0.08748662;-3.505568
85.413|-0.09199876;-3.510233
85.464|-0.09409634;-3.50981
85.508|-0.09451778;-3.514222
85.559|-0.1036721;-3.519089
85.610|-0.1037179;-3.519799
85.657|-0.1057427;-3.518455
85.713|-0.1106305;-3.524487
85.774|-0.1115608;-3.525938
85.839|-0.1135103;-3.527631
85.906|-0.1112511;-3.529983
85.968|-0.1147393;-3.530392
86.018|-0.1194548;-3.530789
86.066|-0.1226881;-3.5311
86.119|-0.1251837;-3.531583
86.173|-0.1272682;-3.532508
86.229|-0.1270934;-3.531695
86.279|-0.1287373;-3.533294
86.324|-0.1240059;-3.53193
86.376|-0.11936;-3.525729
86.427|-0.1216325;-3.527622
86.479|-0.1232751;-3.530593
86.525|-0.1255525;-3.532567
86.576|-0.1277145;-3.529599
86.627|-0.1285819;-3.522406
86.683|-0.1321128;-3.525606
86.734|-0.1321537;-3.526528
86.786|-0.1298701;-3.525467
86.839|-0.1249159;-3.523536
86.891|-0.1231057;-3.526425
86.943|-0.1229543;-3.526918
86.992|-0.120463;-3.523784
87.053|-0.1199456;-3.522427
87.126|-0.12262;-3.522136
87.187|-0.1220501;-3.521311
87.247|-0.1209037;-3.519801
87.303|-0.1172056;-3.516621
87.352|-0.1159179;-3.51734
87.406|-0.1142652;-3.5162
87.449|-0.1151231;-3.513236
87.503|-0.1136327;-3.5143
87.556|-0.1097755;-3.511664
87.615|-0.1073586;-3.511127
87.668|-0.1037962;-3.507785
87.729|-0.1014147;-3.506636
87.787|-0.09866637;-3.511407
87.842|-0.09615517;-3.509543
87.889|-0.09365857;-3.515779
87.942|-0.09202909;-3.520545
87.993|-0.08885306;-3.524675
88.046|-0.08632246;-3.525951
88.096|-0.08577254;-3.525939
88.150|-0.08525725;-3.526745
88.203|-0.09442869;-3.529719
88.254|-0.09733192;-3.52648
88.316|-0.09493681;-3.52478
88.372|-0.1014255;-3.527672
88.434|-0.1026611;-3.52861
88.495|-0.1031477;-3.529693
88.554|-0.1079407;-3.532188
88.607|-0.10875;-3.529795
88.660|-0.1091529;-3.529708
88.715|-0.1113921;-3.529304
88.765|-0.1144187;-3.527018
88.817|-0.1164105;-3.532262
88.870|-0.1198071;-3.534767
88.918|-0.121669;-3.53616
88.970|-0.1248563;-3.537599
89.020|-0.1264832;-3.540321
89.071|-0.1290697;-3.541844
89.130|-0.1160453;-3.524311
89.186|-0.118355;-3.525246
89.233|-0.1145267;-3.518602
89.285|-0.1171337;-3.521339
89.339|-0.1175496;-3.523568
89.390|-0.119693;-3.524692
89.442|-0.1239224;-3.528162
89.491|-0.1226737;-3.527807
89.546|-0.1229534;-3.527874
89.607|-0.1176246;-3.52444
89.673|-0.1209863;-3.52845
89.740|-0.1235397;-3.537714
89.807|-0.1250183;-3.551413
89.861|-0.1160605;-3.56001
89.911|-0.1136657;-3.568948
89.960|-0.1101989;-3.565253
90.010|-0.1137397;-3.567017
90.060|-0.1157025;-3.564997
90.113|-0.1193245;-3.566159
90.172|-0.1256045;-3.564468
90.222|-0.1269921;-3.566381
90.269|-0.1277904;-3.566885
90.318|-0.1240844;-3.559633
90.370|-0.1218353;-3.560155
90.419|-0.1186197;-3.561552
90.470|-0.1217444;-3.558271
90.519|-0.1106322;-3.558212
90.571|-0.1066555;-3.555996
90.620|-0.1092537;-3.548795
90.672|-0.1115902;-3.544621
90.724|-0.1094044;-3.546722
90.779|-0.1083239;-3.543217
90.839|-0.1013548;-3.542529
90.904|-0.1030464;-3.540524
90.969|-0.110493;-3.535213
91.031|-0.1131374;-3.529399
91.092|-0.1181574;-3.523131
91.149|-0.1197145;-3.519586
91.198|-0.1178115;-3.526459
91.253|-0.1196975;-3.530676
91.306|-0.1635461;-3.56337
91.356|-0.1270366;-3.544036
91.407|-0.1260502;-3.552179
91.456|-0.1163334;-3.539208
91.511|-0.1163114;-3.54289
91.567|-0.1168147;-3.545664
91.619|-0.1201816;-3.547244
91.673|-0.1272514;-3.548166
91.728|-0.1357168;-3.552409
91.781|-0.1396741;-3.551195
91.835|-0.142838;-3.547349
91.881|-0.1387072;-3.550911
91.934|-0.1307324;-3.548122
91.988|-0.1291052;-3.546239
92.041|-0.1233857;-3.544667
92.097|-0.1256181;-3.546203
92.167|-0.1231349;-3.551232
92.228|-0.1258296;-3.544893
92.287|-0.1275089;-3.540551
92.343|-0.1277402;-3.536997
92.394|-0.1343618;-3.540892
92.445|-0.1329217;-3.540739
92.493|-0.1347899;-3.541292
92.544|-0.1360586;-3.539253
92.595|-0.1347721;-3.539143
92.645|-0.1330146;-3.539485
92.695|-0.126016;-3.533911
92.751|-0.1231622;-3.531014
92.805|-0.1271582;-3.528131
92.854|-0.1333517;-3.530142
92.903|-0.1299513;-3.538748
92.948|-0.1368039;-3.544101
92.997|-0.1322071;-3.532137
93.046|-0.1290746;-3.534894
93.092|-0.1249572;-3.525324
93.152|-0.1236269;-3.515961
93.202|-0.1192197;-3.514505
93.256|-0.1165905;-3.511623
93.312|-0.1139297;-3.505775
93.365|-0.1128515;-3.506616
93.426|-0.1079717;-3.508768
93.478|-0.1073163;-3.512214
93.540|-0.1053237;-3.513214
93.600|-0.1030592;-3.522424
93.656|-0.1000922;-3.529532
93.712|-0.1059346;-3.536106
93.767|-0.1035561;-3.53518
93.822|-0.1034584;-3.532309
93.877|-0.1045824;-3.522684
93.935|-0.1068762;-3.520388
93.995|-0.1066673;-3.524943
94.050|-0.1127719;-3.519244
94.101|-0.1131976;-3.518314
94.159|-0.1075989;-3.499059
94.216|-0.1098628;-3.501895
94.273|-0.1087408;-3.502353
94.327|-0.0998044;-3.496053
94.379|-0.1049827;-3.489091
94.425|-0.1034738;-3.495446
94.477|-0.1001388;-3.496527
94.534|-0.1022047;-3.494913
94.588|-0.1010174;-3.509589
94.644|-0.1009214;-3.508405
94.702|-0.08982602;-3.505974
94.774|-0.08854967;-3.512517
94.841|-0.08535066;-3.513811
94.907|-0.07936636;-3.521357
94.965|-0.07397868;-3.519475
95.024|-0.06815988;-3.516771
95.081|-0.06820519;-3.509974
95.138|-0.06348999;-3.515899
95.202|-0.06010936;-3.521244
95.265|-0.08681868;-3.513644
95.323|-0.09151451;-3.515745
95.376|-0.09015493;-3.515954
95.427|-0.09525618;-3.508975
95.483|-0.1017558;-3.502057
95.536|-0.1282046;-3.509887
95.588|-0.1370867;-3.513917
95.643|-0.1367384;-3.519866
95.694|-0.123235;-3.530366
95.751|-0.1148232;-3.537362
95.806|-0.1202563;-3.538264
95.866|-0.1233304;-3.535896
95.924|-0.1236258;-3.534606
95.978|-0.1242489;-3.533062
96.039|-0.1237786;-3.531984
96.101|-0.1175696;-3.521702
96.161|-0.1191687;-3.519133
96.229|-0.1151904;-3.507287
96.285|-0.1120089;-3.495177
96.340|-0.1118421;-3.493392
96.396|-0.1105008;-3.489563
96.448|-0.1104219;-3.489134
96.496|-0.110052;-3.487211
96.551|-0.1103763;-3.489378
96.603|-0.1097534;-3.492441
96.655|-0.1079753;-3.490692
96.706|-0.1055117;-3.49213
96.756|-0.1040685;-3.496755
96.810|-0.1050878;-3.504835
96.865|-0.1037883;-3.508345
96.921|-0.1020923;-3.521327
96.975|-0.1015119;-3.524915
97.023|-0.09927212;-3.530689
97.076|-0.09928374;-3.534385
97.130|-0.09677209;-3.543096
97.184|-0.09432997;-3.544457
97.242|-0.09550405;-3.536358
97.310|-0.09504025;-3.527219
97.372|-0.09738895;-3.518204
97.433|-0.09785649;-3.513086
97.492|-0.09764008;-3.5071
97.543|-0.09528434;-3.514243
97.595|-0.09722131;-3.505646
97.648|-0.09462317;-3.495098
97.698|-0.09547683;-3.485116
97.752|-0.09141737;-3.476675
97.808|-0.08913671;-3.474448
97.860|-0.0875797;-3.473718
97.912|-0.08732793;-3.474164
97.970|-0.09793957;-3.48961
98.030|-0.1023753;-3.492178
98.091|-0.109648;-3.49789
98.142|-0.1134773;-3.499443
98.202|-0.1129734;-3.503584
98.256|-0.1147339;-3.506204
98.309|-0.1195014;-3.506665
98.358|-0.1175317;-3.507384
98.410|-0.1165029;-3.508593
98.464|-0.1194861;-3.511285
98.530|-0.107521;-3.50328
98.597|-0.1046954;-3.506204
98.664|-0.1003161;-3.511219
98.724|-0.1001412;-3.515747
98.777|-0.09738789;-3.512122
98.832|-0.0956632;-3.511586
98.888|-0.0929911;-3.518396
98.944|-0.09410387;-3.511703
99.008|-0.09286585;-3.518896
99.065|-0.09396483;-3.51893
99.115|-0.09297808;-3.520748
99.162|-0.09247155;-3.521724
99.216|-0.09228823;-3.521347
99.270|-0.09522274;-3.518767
99.327|-0.09523031;-3.515646
99.387|-0.09596854;-3.520069
99.443|-0.0933881;-3.519058
99.503|-0.09277658;-3.520255
99.566|-0.09316319;-3.522272
99.619|-0.09305936;-3.526238
99.674|-0.09320702;-3.531234
99.733|-0.09534077;-3.533733
99.806|-0.09762181;-3.531702
99.878|-0.1004935;-3.537159
99.954|-0.1005837;-3.53863
100.024|-0.1040524;-3.537765
100.089|-0.1101792;-3.532218
100.146|-0.1101468;-3.531925
100.212|-0.1087435;-3.522619
100.267|-0.1101986;-3.52029
100.326|-0.111055;-3.517572
100.381|-0.1109369;-3.51507
100.439|-0.1114982;-3.515337
100.497|-0.1138044;-3.513209
100.556|-0.1145487;-3.513294
100.611|-0.1173256;-3.517997
100.667|-0.1228021;-3.527334
100.722|-0.1251908;-3.528999
100.772|-0.129499;-3.533253
100.824|-0.1306078;-3.534479
100.877|-0.1334581;-3.541282
100.932|-0.1410601;-3.544327
100.987|-0.1425312;-3.543041
101.048|-0.1442038;-3.546388
101.108|-0.1406536;-3.548348
101.171|-0.1397767;-3.549383
101.241|-0.1367262;-3.550146
101.303|-0.1351931;-3.549854
101.355|-0.1327001;-3.536268
101.412|-0.1338296;-3.531532
101.464|-0.1324943;-3.521093
101.516|-0.1314611;-3.517059
101.563|-0.1272143;-3.509873
101.623|-0.1276977;-3.502728
101.675|-0.125501;-3.496256
101.730|-0.121681;-3.494563
101.783|-0.1228096;-3.498893
101.831|-0.1234213;-3.506618
101.884|-0.1271616;-3.512786
101.938|-0.1325344;-3.531005
101.991|-0.1416163;-3.54067
102.045|-0.1504774;-3.546748
102.108|-0.1311163;-3.547329
102.169|-0.1331878;-3.552851
102.228|-0.1246295;-3.548864
102.286|-0.1277103;-3.549721
102.343|-0.1128975;-3.545019
102.408|-0.104946;-3.545329
102.468|-0.09665716;-3.539607
102.533|-0.09091242;-3.544582
102.590|-0.08909699;-3.543198
102.642|-0.08633837;-3.548823
102.692|-0.08702613;-3.551276
102.740|-0.08818312;-3.550843
102.788|-0.08462486;-3.560217
102.833|-0.0837217;-3.558327
102.884|-0.08030933;-3.560342
102.936|-0.07917708;-3.559618
102.981|-0.07003057;-3.560979
103.028|-0.06689543;-3.559525
103.083|-0.06315917;-3.559521
103.132|-0.05925342;-3.559968
103.190|-0.05664051;-3.559953
103.247|-0.0514501;-3.551358
103.300|-0.05506602;-3.544885
103.349|-0.05172423;-3.544245
103.397|-0.05062018;-3.538993
103.452|-0.05412824;-3.537166
103.502|-0.0526593;-3.531517
103.550|-0.05203125;-3.533926
103.602|-0.0523963;-3.549771
103.667|-0.05209479;-3.553899
103.728|-0.05102654;-3.561651
103.792|-0.0545229;-3.570299
103.855|-0.05783057;-3.583449
103.908|-0.06672738;-3.600983
103.955|-0.07393649;-3.603702
104.006|-0.07213685;-3.612138
104.055|-0.08236426;-3.619725
104.106|-0.08388902;-3.635582
104.158|-0.09137982;-3.633952
104.210|-0.0879513;-3.637351
104.262|-0.08518435;-3.637329
104.313|-0.08129969;-3.624374
104.364|-0.07462204;-3.624251
104.412|-0.06640807;-3.619644
104.458|-0.07026616;-3.60629
104.510|-0.06930639;-3.598561
104.558|-0.06605102;-3.589775
104.607|-0.06073113;-3.582818
104.656|-0.05431877;-3.566267
104.706|-0.05361652;-3.550359
104.758|-0.04383563;-3.524608
104.808|-0.03633405;-3.51055
104.857|-0.03729586;-3.527414
104.918|-0.03716262;-3.519199
104.978|-0.03783113;-3.508711
105.039|-0.03970391;-3.497338
105.103|-0.03199675;-3.493048
105.152|-0.03372157;-3.499285
105.204|-0.03373315;-3.495607
105.258|-0.03427372;-3.505025
105.310|-0.0346071;-3.506634
105.357|-0.03845954;-3.514197
105.404|-0.03962535;-3.516105
105.454|-0.04315666;-3.520683
105.503|-0.04459795;-3.524628
105.550|-0.05169932;-3.536022
105.607|-0.05366538;-3.539652
105.649|-0.06478021;-3.540501
105.698|-0.06710545;-3.543103
105.744|-0.06862771;-3.545255
105.795|-0.0695305;-3.553498
105.842|-0.07036449;-3.553519
105.892|-0.07450311;-3.557034
105.942|-0.07713475;-3.557181
105.989|-0.07882071;-3.555314
106.037|-0.07937691;-3.556064
106.085|-0.08120826;-3.555806
106.144|-0.08503936;-3.559503
106.212|-0.08460337;-3.561481
106.283|-0.08852983;-3.566788
106.347|-0.08814863;-3.569031
106.409|-0.08703272;-3.571487
106.454|-0.08532475;-3.56835
106.505|-0.08557899;-3.569387
106.554|-0.08544772;-3.570239
106.606|-0.07314356;-3.565914
106.651|-0.07373084;-3.567629
106.700|-0.07435609;-3.568874
106.744|-0.07500602;-3.568759
106.792|-0.0758104;-3.569556
106.838|-0.07721617;-3.570054
106.885|-0.0762787;-3.570196
106.932|-0.0776715;-3.57041
106.984|-0.07909703;-3.57129
107.028|-0.08014429;-3.57806
107.077|-0.07986668;-3.582527
107.128|-0.07598907;-3.595164
107.179|-0.07634723;-3.597037
107.225|-0.07283483;-3.59685
107.289|-0.07581307;-3.600099
107.343|-0.07708094;-3.602049
107.396|-0.0816565;-3.599648
107.452|-0.08284079;-3.60077
107.505|-0.09058068;-3.601634
107.567|-0.09705952;-3.601589
107.627|-0.0976787;-3.602739
107.683|-0.09521355;-3.605445
107.732|-0.09364116;-3.60317
107.782|-0.09244031;-3.604693
107.833|-0.09056911;-3.606357
107.877|-0.08964019;-3.60638
107.929|-0.09087943;-3.613116
107.981|-0.09004144;-3.611569
108.027|-0.09067348;-3.612167
108.077|-0.09216411;-3.601813
108.123|-0.09404035;-3.586663
108.178|-0.09154744;-3.583152
108.225|-0.09051059;-3.580678
108.285|-0.08467536;-3.57607
108.340|-0.08778802;-3.573134
108.391|-0.08733206;-3.559483
108.441|-0.08750459;-3.555324
108.487|-0.09782498;-3.561416
108.536|-0.09349794;-3.555827
108.586|-0.09306002;-3.554546
108.633|-0.09298063;-3.548814
108.694|-0.08937071;-3.548534
108.757|-0.09181936;-3.545589
108.815|-0.09619626;-3.544633
108.878|-0.09856354;-3.541922
108.942|-0.1009497;-3.533613
108.992|-0.09731564;-3.523404
109.040|-0.09821394;-3.517743
109.087|-0.09569735;-3.513302
109.134|-0.0912844;-3.50859
109.183|-0.09203491;-3.504173
109.230|-0.09224943;-3.499069
109.288|-0.09415397;-3.506057
109.347|-0.09999329;-3.50657
109.398|-0.09839191;-3.497005
109.455|-0.09410165;-3.492469
109.512|-0.08922863;-3.481288
109.566|-0.08733618;-3.481125
109.619|-0.08599502;-3.478231
109.667|-0.09075868;-3.480812
109.720|-0.09345645;-3.484944
109.771|-0.09994101;-3.49208
109.820|-0.1032761;-3.497812
109.865|-0.1012551;-3.509333
109.921|-0.1032255;-3.514436
109.981|-0.1080253;-3.529331
110.043|-0.1055982;-3.540796
110.105|-0.09708117;-3.548424
110.169|-0.08617902;-3.554782
110.224|-0.08507596;-3.557133
110.274|-0.08290432;-3.562287
110.332|-0.08554754;-3.561942
110.385|-0.09367885;-3.566559
110.433|-0.09428164;-3.57081
110.483|-0.09275471;-3.571449
110.526|-0.09249806;-3.567739
110.577|-0.08828081;-3.567591
110.634|-0.07887661;-3.567402
110.684|-0.07797921;-3.566432
110.730|-0.07250275;-3.559349
110.776|-0.07339317;-3.55412
110.824|-0.07403472;-3.548088
110.874|-0.07601824;-3.546436
110.922|-0.08007455;-3.550063
110.971|-0.08378717;-3.544016
111.019|-0.08728395;-3.546076
111.072|-0.09138329;-3.544935
111.117|-0.09888312;-3.550045
111.166|-0.1065602;-3.559258
111.222|-0.1103933;-3.557728
111.274|-0.1152698;-3.558838
111.345|-0.1152785;-3.558523
111.410|-0.1188997;-3.551866
111.472|-0.1229376;-3.552284
111.523|-0.1337924;-3.569566
111.571|-0.1370734;-3.575789
111.620|-0.1388861;-3.578392
111.669|-0.137402;-3.568822
111.719|-0.1384734;-3.573298
111.768|-0.1423368;-3.570898
111.821|-0.1431641;-3.571675
111.872|-0.1492413;-3.553372
111.924|-0.1520479;-3.553081
111.973|-0.149517;-3.547163
112.024|-0.1414306;-3.541064
112.075|-0.1413279;-3.54391
112.122|-0.1306;-3.532209
112.171|-0.1287244;-3.53014
112.224|-0.1215875;-3.519112
112.279|-0.1176894;-3.520352
112.334|-0.1085063;-3.5209
112.395|-0.104472;-3.531124
112.447|-0.09596753;-3.529406
112.507|-0.09327948;-3.543545
112.568|-0.09043756;-3.539734
112.627|-0.08920351;-3.539832
112.681|-0.0780085;-3.542048
112.740|-0.06411733;-3.512182
112.792|-0.05851413;-3.520437
112.839|-0.05603443;-3.513065
112.885|-0.0534098;-3.514223
112.934|-0.0502684;-3.515427
112.982|-0.04421423;-3.543706
113.028|-0.04159603;-3.544009
113.073|-0.03902078;-3.545226
113.117|-0.04757936;-3.554093
113.169|-0.04604532;-3.554738
113.220|-0.04512908;-3.55485
113.268|-0.04479595;-3.554443
113.330|-0.05577944;-3.561157
113.384|-0.06270635;-3.554278
113.443|-0.0728621;-3.557327
113.497|-0.08403645;-3.558043
113.546|-0.08650418;-3.556612
113.600|-0.08853669;-3.555807
113.650|-0.08773733;-3.557643
113.696|-0.08638684;-3.559719
113.746|-0.08441336;-3.564834
113.808|-0.08444762;-3.560981
113.871|-0.08534109;-3.56393
113.929|-0.08497031;-3.563882
113.986|-0.08491383;-3.563723
114.036|-0.08491869;-3.562813
114.092|-0.08555731;-3.569688
114.139|-0.0874219;-3.574609
114.194|-0.090087;-3.574073
114.245|-0.08967496;-3.574411
114.290|-0.09076358;-3.576074
114.347|-0.0894907;-3.577302
114.403|-0.09000573;-3.574752
114.457|-0.08954746;-3.576568
114.510|-0.08896095;-3.575448
114.560|-0.08843605;-3.573334
114.612|-0.08899416;-3.565708
114.661|-0.09013114;-3.563265
114.711|-0.09012208;-3.562272
114.760|-0.09187689;-3.560874
114.808|-0.09166747;-3.559514
114.862|-0.09168979;-3.557592
114.912|-0.09182899;-3.555957
114.959|-0.08978759;-3.562487
115.012|-0.09110697;-3.56818
115.075|-0.09170561;-3.569974
115.137|-0.08945422;-3.572139
115.198|-0.09333931;-3.574579
115.260|-0.09457354;-3.572359
115.313|-0.0948222;-3.562039
115.375|-0.101102;-3.557274
115.427|-0.1041708;-3.552347
115.481|-0.1087858;-3.546733
115.530|-0.111617;-3.542262
115.586|-0.1130957;-3.535814
115.635|-0.1111508;-3.530354
115.693|-0.1064426;-3.524304
115.746|-0.1047157;-3.526731
115.797|-0.1007192;-3.526915
115.846|-0.0998944;-3.525975
115.894|-0.09763223;-3.53305
115.944|-0.09455562;-3.535419
115.995|-0.09558941;-3.540686
116.044|-0.09365658;-3.547708
116.094|-0.09193566;-3.556448
116.145|-0.09163235;-3.553669
116.195|-0.08687401;-3.54756
116.247|-0.08458057;-3.549054
116.294|-0.08309961;-3.551158
116.361|-0.08901823;-3.547661
116.426|-0.09728523;-3.558954
116.494|-0.0931371;-3.5585
116.560|-0.08618584;-3.560334
116.612|-0.08659508;-3.560819
116.662|-0.0885044;-3.563737
116.716|-0.08989018;-3.565241
116.763|-0.08984876;-3.568187
116.814|-0.08922175;-3.569665
116.865|-0.08316755;-3.564382
116.916|-0.08790046;-3.563259
116.962|-0.09051882;-3.564089
117.014|-0.08520401;-3.55961
117.065|-0.08316654;-3.556399
117.118|-0.08585741;-3.557442
117.169|-0.08657423;-3.558136
117.219|-0.08748761;-3.55859
117.267|-0.08804891;-3.555849
117.317|-0.08819668;-3.55863
117.385|-0.08855936;-3.555437
117.449|-0.08568946;-3.552
117.509|-0.09065384;-3.553718
117.560|-0.09288147;-3.557796
117.623|-0.09430873;-3.559105
117.680|-0.09433448;-3.565417
117.745|-0.09531115;-3.572871
117.807|-0.100822;-3.573663
117.870|-0.1000661;-3.585981
117.927|-0.1016683;-3.589655
117.980|-0.1042636;-3.592787
118.035|-0.1099576;-3.585942
118.091|-0.1106722;-3.577954
118.140|-0.1119531;-3.563133
118.193|-0.1603605;-3.587891
118.242|-0.1405236;-3.577209
118.294|-0.1329904;-3.559281
118.345|-0.1281319;-3.551191
118.396|-0.125978;-3.543902
118.457|-0.123591;-3.538116
118.514|-0.119293;-3.531396
118.567|-0.1211842;-3.52361
118.617|-0.1183779;-3.520116
118.666|-0.1240332;-3.52209
118.724|-0.1206636;-3.525249
118.775|-0.1199724;-3.526574
118.826|-0.1112001;-3.522676
118.882|-0.1128093;-3.524772
118.936|-0.1158976;-3.523905
118.998|-0.1173732;-3.516529
119.056|-0.1201738;-3.521668
119.125|-0.1155794;-3.513833
119.175|-0.1118199;-3.515563
119.227|-0.1108359;-3.520123
119.280|-0.1090909;-3.519324
119.335|-0.1091488;-3.520288
119.394|-0.1082786;-3.522877
119.442|-0.1106225;-3.516658
119.498|-0.1094577;-3.52212
119.559|-0.1082776;-3.524877
119.614|-0.1075096;-3.523553
119.665|-0.1075264;-3.522813
119.717|-0.108553;-3.525224
119.762|-0.1064638;-3.525054
119.814|-0.1061372;-3.526606
119.868|-0.105779;-3.528414
119.921|-0.1042334;-3.531782
119.968|-0.1030071;-3.531901
120.025|-0.1025406;-3.534178
120.081|-0.1014864;-3.534002
120.134|-0.1019755;-3.53503
120.196|-0.0991154;-3.54191
120.259|-0.0992631;-3.54296
120.314|-0.09423091;-3.544738
120.385|-0.09456984;-3.544593
120.444|-0.09425488;-3.547684
120.500|-0.09347157;-3.551702
120.559|-0.09428734;-3.553734
120.613|-0.09364966;-3.55392
120.664|-0.09232573;-3.556252
120.720|-0.09332709;-3.5597
120.767|-0.09428054;-3.560875
120.816|-0.09489386;-3.564743
120.867|-0.09057679;-3.561118
120.920|-0.09163364;-3.563638
120.969|-0.0936671;-3.561561
121.022|-0.09345977;-3.561531
121.072|-0.09871797;-3.569077
121.127|-0.09754337;-3.56648
121.178|-0.09910156;-3.568961
121.226|-0.1009675;-3.571074
121.279|-0.1009537;-3.57531
121.332|-0.09692764;-3.570291
121.392|-0.09854408;-3.572064
121.448|-0.09771343;-3.573143
121.515|-0.09675173;-3.574033
121.580|-0.09153491;-3.574705
121.643|-0.08616117;-3.566343
121.701|-0.0844812;-3.570432
121.753|-0.08612353;-3.56632
121.805|-0.08745818;-3.566482
121.857|-0.08872335;-3.565708
121.909|-0.09041962;-3.5676
121.957|-0.09244847;-3.568722
122.008|-0.09439567;-3.568502
122.059|-0.09780036;-3.568874
122.113|-0.0981494;-3.570697
122.165|-0.1007204;-3.56474
122.219|-0.09901947;-3.566171
122.274|-0.0984872;-3.567425
122.327|-0.09847632;-3.572955
122.382|-0.09739159;-3.575464
122.436|-0.09588386;-3.575579
122.489|-0.09505469;-3.570667
122.541|-0.09429439;-3.5691
122.598|-0.09669057;-3.568296
122.656|-0.09570956;-3.570871
122.715|-0.09632257;-3.57547
122.778|-0.0958574;-3.572746
122.843|-0.09641871;-3.575092
122.903|-0.09769517;-3.57535
122.963|-0.09696901;-3.574239
123.009|-0.09680704;-3.571592
123.062|-0.09538766;-3.570677
123.115|-0.09343435;-3.568874
123.167|-0.09234998;-3.567873
123.221|-0.09198049;-3.566503
123.269|-0.09420556;-3.565537
123.321|-0.09515329;-3.563111
123.376|-0.09457484;-3.566318
123.436|-0.09425344;-3.565063
123.497|-0.09604162;-3.569532
123.554|-0.09934387;-3.566983
123.614|-0.1015887;-3.567292
123.668|-0.1028622;-3.564518
123.719|-0.103048;-3.562704
123.766|-0.1023656;-3.567121
123.820|-0.1039671;-3.56389
123.873|-0.1057018;-3.558022
123.930|-0.107021;-3.551158
123.994|-0.1095323;-3.543205
124.068|-0.1121863;-3.537697
124.145|-0.1138949;-3.534216
124.219|-0.1164801;-3.532458
124.285|-0.1189298;-3.532923
124.354|-0.1200864;-3.535076
124.423|-0.1209667;-3.53874
124.487|-0.122117;-3.545704
124.548|-0.1190647;-3.565796
124.622|-0.1067996;-3.570531
124.681|-0.1076831;-3.577933
124.734|-0.1074818;-3.581151
124.792|-0.1068691;-3.582659
124.845|-0.1033851;-3.586641
124.896|-0.1015451;-3.57788
124.950|-0.1006312;-3.578661
125.001|-0.09718886;-3.576311
125.053|-0.09587479;-3.576301
125.106|-0.09478016;-3.57895
125.154|-0.0944601;-3.570998
125.208|-0.09437263;-3.571596
125.264|-0.0959194;-3.570315
125.329|-0.0950169;-3.570457
125.397|-0.09570841;-3.573799
125.465|-0.09640375;-3.567134
125.524|-0.09685524;-3.573395
125.584|-0.09620154;-3.573984
125.642|-0.09654193;-3.572967
125.704|-0.09541851;-3.569094
125.755|-0.09491214;-3.569372
125.803|-0.09555928;-3.571992
125.858|-0.09414938;-3.573953
125.912|-0.09376152;-3.574568
125.961|-0.09439828;-3.57576
126.012|-0.09442855;-3.576797
126.063|-0.09548618;-3.574776
126.113|-0.09545769;-3.582303
126.162|-0.09644602;-3.57459
126.214|-0.09733425;-3.57458
126.263|-0.1008985;-3.575702
126.314|-0.1070089;-3.577727
126.364|-0.1113829;-3.58201
126.417|-0.1137129;-3.58105
126.464|-0.1164351;-3.584789
126.518|-0.1169024;-3.585695
126.581|-0.1154678;-3.587096
126.651|-0.1137711;-3.585018
126.721|-0.113208;-3.583417
126.789|-0.1150435;-3.577112
126.842|-0.1126805;-3.57098
126.891|-0.1108741;-3.573455
126.944|-0.108264;-3.574554
126.994|-0.1078828;-3.576017
127.045|-0.1080978;-3.576423
127.096|-0.110396;-3.576053
127.146|-0.1110725;-3.579925
127.197|-0.0994249;-3.587673
127.249|-0.09841231;-3.585544
127.301|-0.09669508;-3.586497
127.357|-0.09611849;-3.587589
127.410|-0.08698376;-3.576713
127.468|-0.07278374;-3.566277
127.521|-0.06434612;-3.561728
127.574|-0.05469254;-3.540595
127.628|-0.05256571;-3.53681
127.684|-0.05082171;-3.536112
127.733|-0.04964824;-3.532804
127.790|-0.04567285;-3.532922
127.852|-0.04616098;-3.535342
127.918|-0.04920185;-3.536598
127.985|-0.05089784;-3.541646
128.051|-0.06125401;-3.544392
128.110|-0.0742489;-3.540977
128.161|-0.08657365;-3.542518
128.217|-0.09419759;-3.53191
128.263|-0.1051044;-3.5307
128.314|-0.1044164;-3.523684
128.362|-0.1059226;-3.524761
128.418|-0.1037393;-3.521609
128.468|-0.1036108;-3.533131
128.521|-0.1085602;-3.543429
128.573|-0.1170454;-3.556634
128.621|-0.1161344;-3.559804
128.669|-0.1252242;-3.558815
128.729|-0.1261046;-3.566612
128.783|-0.1343983;-3.570801
128.839|-0.1384065;-3.574544
128.887|-0.139406;-3.584079
128.931|-0.1406847;-3.591164
128.979|-0.1398864;-3.591509
129.031|-0.144163;-3.597106
129.096|-0.1419301;-3.58902
129.162|-0.1343601;-3.58744
129.233|-0.1268704;-3.57914
129.299|-0.1204255;-3.581526
129.356|-0.1179106;-3.579999
129.412|-0.1129272;-3.568742
129.478|-0.1096722;-3.55832
129.531|-0.1006196;-3.548142
129.585|-0.09818423;-3.550095
129.638|-0.09201035;-3.54469
129.697|-0.08509909;-3.540084
129.752|-0.08334932;-3.543651
129.806|-0.07961422;-3.541587
129.866|-0.0778085;-3.540651
129.923|-0.07837345;-3.536507
129.974|-0.08125165;-3.535809
130.027|-0.08600874;-3.536588
130.083|-0.0860763;-3.53442
130.127|-0.08858798;-3.536677
130.179|-0.08847124;-3.535809
130.229|-0.09032565;-3.535575
130.284|-0.08402736;-3.531576
130.344|-0.08365826;-3.533407
130.410|-0.08455192;-3.532057
130.480|-0.08669432;-3.528805
130.550|-0.09577848;-3.546052
130.605|-0.09546889;-3.544875
130.661|-0.09455396;-3.544173
130.711|-0.09716506;-3.55168
130.785|-0.1023546;-3.556277
130.847|-0.1093075;-3.562276
130.908|-0.1090472;-3.56527
130.963|-0.1093122;-3.562521
131.016|-0.1094715;-3.561994
131.066|-0.1114122;-3.558481
131.127|-0.1126967;-3.558538
131.179|-0.112406;-3.559603
131.235|-0.1129161;-3.564058
131.282|-0.1128012;-3.567343
131.329|-0.1097747;-3.570697
131.382|-0.1060193;-3.571335
131.433|-0.1040211;-3.573462
131.493|-0.1023134;-3.575347
131.544|-0.09853722;-3.575605
131.607|-0.09693108;-3.571604
131.670|-0.09415526;-3.572764
131.731|-0.09514713;-3.569005
131.798|-0.0987119;-3.564312
131.862|-0.09901106;-3.562135
131.924|-0.1011033;-3.56114
131.986|-0.1034248;-3.555934
132.043|-0.1036977;-3.553863
132.096|-0.09634064;-3.569825
132.147|-0.09670757;-3.567656
132.193|-0.09326209;-3.563936
132.247|-0.08702578;-3.562073
132.305|-0.08791056;-3.563898
132.363|-0.08492701;-3.565611
132.426|-0.08755439;-3.55667
132.485|-0.09250958;-3.550988
132.540|-0.09292813;-3.543303
132.598|-0.09445366;-3.537045
132.649|-0.09753213;-3.525391
132.703|-0.09928776;-3.506168
132.758|-0.1045122;-3.508103
132.817|-0.1052798;-3.504089
132.877|-0.1087087;-3.502346
132.940|-0.1139127;-3.508618
133.002|-0.1155658;-3.516489
133.060|-0.1153443;-3.526223
133.119|-0.1106467;-3.53445
133.177|-0.106948;-3.53316
133.231|-0.103119;-3.533781
133.289|-0.09764983;-3.533032
133.344|-0.09883086;-3.532375
133.402|-0.1053167;-3.532757
133.453|-0.105116;-3.536065
133.527|-0.103191;-3.536259
133.590|-0.1000743;-3.53342
133.642|-0.0991713;-3.531257
133.693|-0.09542495;-3.527889
133.743|-0.0947862;-3.527544
133.793|-0.09276162;-3.527611
133.848|-0.09433778;-3.526036
133.902|-0.095284;-3.527096
133.955|-0.09451054;-3.528507
134.012|-0.09433268;-3.528427
134.071|-0.0925105;-3.535232
134.134|-0.09037326;-3.538751
134.193|-0.08994517;-3.538898
134.247|-0.0880772;-3.535556
134.307|-0.08840395;-3.538593
134.367|-0.08846442;-3.541664
134.418|-0.08955527;-3.543386
134.470|-0.0915015;-3.544692
134.529|-0.09141525;-3.543267
134.577|-0.09438513;-3.544317
134.633|-0.09068912;-3.551348
134.694|-0.09162222;-3.551165
134.748|-0.09055302;-3.547712
134.795|-0.09070244;-3.545444
134.849|-0.09113756;-3.54599
134.899|-0.09606475;-3.548672
134.950|-0.0970012;-3.553747
135.008|-0.09681231;-3.557761
135.063|-0.09981285;-3.555768
135.122|-0.1011227;-3.555996
135.171|-0.1038428;-3.556881
135.229|-0.1016616;-3.558668
135.284|-0.09933174;-3.560703
135.338|-0.0961595;-3.562236
135.404|-0.1002576;-3.559606
135.470|-0.1005816;-3.553326
135.545|-0.103972;-3.555963
135.614|-0.1010621;-3.559301
135.673|-0.1024392;-3.55919
135.724|-0.1012069;-3.557696
135.779|-0.1001098;-3.554056
135.839|-0.09363753;-3.553569
135.898|-0.09034872;-3.549837
135.957|-0.09283167;-3.548534
136.014|-0.09571923;-3.545851
136.063|-0.0953121;-3.54791
136.117|-0.09849744;-3.540195
136.167|-0.1016225;-3.527202
136.226|-0.1055438;-3.508873
136.283|-0.1060588;-3.496174
136.338|-0.1053371;-3.489105
136.393|-0.1003504;-3.481144
136.447|-0.09224647;-3.474923
136.507|-0.0908889;-3.473666
136.575|-0.0966249;-3.47733
136.638|-0.1017675;-3.48455
136.705|-0.1088886;-3.491506
136.773|-0.1179963;-3.503133
136.838|-0.11871;-3.518944
136.906|-0.1221221;-3.538325
136.969|-0.1213213;-3.551322
137.030|-0.1103399;-3.568098
137.093|-0.1048801;-3.574958
137.155|-0.09704008;-3.586328
137.215|-0.09268819;-3.589253
137.268|-0.0966629;-3.585966
137.321|-0.09703582;-3.587224
137.371|-0.08953838;-3.573511
137.429|-0.08294438;-3.560879
137.484|-0.08119246;-3.559977
137.548|-0.07862909;-3.556222
137.606|-0.07359852;-3.559696
137.659|-0.07539298;-3.557598
137.711|-0.07438767;-3.559443
137.769|-0.07337208;-3.557512
137.831|-0.06921406;-3.557536
137.886|-0.07032686;-3.55641
137.947|-0.07239911;-3.566089
138.016|-0.08250745;-3.57058
138.088|-0.08570076;-3.574284
138.154|-0.09132428;-3.579767
138.226|-0.0999516;-3.576817
138.286|-0.1022644;-3.578007
138.349|-0.1065949;-3.578437
138.412|-0.1100517;-3.576248
138.474|-0.1100404;-3.573575
138.536|-0.1104689;-3.574386
138.586|-0.1069774;-3.578773
138.645|-0.1068058;-3.576584
138.705|-0.1083686;-3.57334
138.767|-0.1127898;-3.569502
138.823|-0.1140653;-3.575884
138.882|-0.1090227;-3.578439
138.939|-0.1092888;-3.585337
138.993|-0.1082416;-3.582551
139.055|-0.1103561;-3.583565
139.111|-0.113164;-3.583789
139.167|-0.1055819;-3.585909
139.225|-0.09588052;-3.573231
139.294|-0.09366038;-3.573358
139.364|-0.09624302;-3.572276
139.431|-0.09533894;-3.572248
139.501|-0.0969657;-3.569598
139.563|-0.09677752;-3.569826
139.623|-0.0949734;-3.57217
139.684|-0.09413363;-3.57016
139.740|-0.09291653;-3.574032
139.795|-0.09158669;-3.57402
139.854|-0.09250332;-3.569483
139.913|-0.09270808;-3.565281
139.973|-0.09270048;-3.56674
140.031|-0.09273009;-3.567703
140.091|-0.09044915;-3.57529
140.151|-0.08598314;-3.571083
140.217|-0.08416398;-3.570076
140.276|-0.07810806;-3.575798
140.333|-0.07487483;-3.571668
140.389|-0.07475694;-3.570985
140.442|-0.07413219;-3.569378
140.505|-0.07296678;-3.568325
140.575|-0.07409401;-3.562488
140.645|-0.07022357;-3.562203
140.719|-0.07510749;-3.567407
140.791|-0.07666409;-3.565198
140.852|-0.08248768;-3.559879
140.914|-0.08974738;-3.561047
140.973|-0.1037913;-3.5736
141.033|-0.1061355;-3.571561
141.093|-0.1077873;-3.572288
141.153|-0.1042357;-3.573067
141.211|-0.10523;-3.571546
141.269|-0.1066715;-3.571094
141.334|-0.1086945;-3.568581
141.389|-0.1136683;-3.561319
141.452|-0.1127292;-3.548662
141.515|-0.113976;-3.542299
141.581|-0.1079296;-3.529036
141.640|-0.1046749;-3.524203
141.697|-0.1026539;-3.530358
141.752|-0.1020319;-3.528306
141.821|-0.1025212;-3.532969
141.890|-0.1035638;-3.544173
141.959|-0.1098239;-3.556133
142.031|-0.1060999;-3.565891
142.098|-0.102227;-3.570925
142.155|-0.1012776;-3.564049
142.211|-0.09923667;-3.566916
142.266|-0.09661046;-3.566277
142.320|-0.09546781;-3.567271
142.373|-0.09461282;-3.567335
142.436|-0.09500568;-3.567619
142.498|-0.09188742;-3.568054
142.557|-0.09080289;-3.571731
142.620|-0.08676608;-3.568906
142.678|-0.08323194;-3.569713
142.741|-0.08576383;-3.569993
142.799|-0.08928451;-3.568347
142.859|-0.0826088;-3.571944
142.916|-0.08262391;-3.567134
142.975|-0.08337848;-3.568238
143.036|-0.07845075;-3.570733
143.097|-0.07657735;-3.570366
143.155|-0.07162769;-3.567489
143.222|-0.07064603;-3.569239
143.287|-0.06984645;-3.568479
143.357|-0.06838934;-3.571804
143.415|-0.07028539;-3.571701
143.476|-0.07505195;-3.570319
143.533|-0.08667977;-3.579874
143.586|-0.09425308;-3.581033
143.646|-0.09495552;-3.583773
143.701|-0.0971593;-3.585666
143.760|-0.09652102;-3.587223
143.813|-0.09741519;-3.589716
143.876|-0.09762813;-3.591153
143.935|-0.09718527;-3.594572
143.984|-0.09739074;-3.595227
144.039|-0.099231;-3.588768
144.094|-0.09897721;-3.591091
144.144|-0.09929074;-3.594773
144.202|-0.09885652;-3.59231
144.268|-0.1002098;-3.591128
144.324|-0.1045817;-3.589638
144.384|-0.1052999;-3.591376
144.452|-0.1022632;-3.591343
144.525|-0.1042404;-3.591624
144.599|-0.1059195;-3.591451
144.666|-0.1060425;-3.591527
144.727|-0.1042157;-3.586507
144.783|-0.1049208;-3.585815
144.847|-0.1051972;-3.584907
144.903|-0.1051262;-3.576011
144.957|-0.1058535;-3.574752
145.009|-0.1068698;-3.574776
145.067|-0.1041703;-3.576296
145.131|-0.1030349;-3.575541
145.187|-0.1018761;-3.573553
145.245|-0.1027578;-3.571096
145.299|-0.1045096;-3.566397
145.353|-0.1034303;-3.564826
145.399|-0.1028417;-3.564153
145.454|-0.1013983;-3.566321
145.513|-0.09949327;-3.56996
145.569|-0.09909086;-3.568349
145.633|-0.0993409;-3.566691
145.690|-0.1001631;-3.566517
145.750|-0.1009478;-3.566435
145.816|-0.1031924;-3.566684
145.880|-0.1059728;-3.566804
145.942|-0.1052363;-3.566548
145.999|-0.09859514;-3.568237
146.057|-0.09475747;-3.572398
146.120|-0.09304973;-3.573024
146.186|-0.09233753;-3.571604
146.245|-0.09011719;-3.570299
146.295|-0.08928877;-3.569319
146.349|-0.08737618;-3.562802
146.407|-0.08720934;-3.559369
146.460|-0.08889917;-3.549618
146.515|-0.08888926;-3.542564
146.570|-0.09368008;-3.539108
146.633|-0.09435916;-3.529256
146.685|-0.09255686;-3.519823
146.742|-0.09460971;-3.517776
146.803|-0.09938942;-3.512401
146.863|-0.098612;-3.510448
146.920|-0.09939049;-3.519134
146.995|-0.1022859;-3.515137
147.091|-0.1067006;-3.508549
147.190|-0.1047428;-3.500239
147.273|-0.1160343;-3.50542
147.348|-0.1146831;-3.506227
147.425|-0.1178511;-3.508959
147.508|-0.1189886;-3.508248
147.594|-0.1206051;-3.509624
147.671|-0.1217911;-3.512952
147.733|-0.1183417;-3.518732
147.792|-0.1150357;-3.51615
147.845|-0.1145881;-3.521529
147.911|-0.1143024;-3.5261
147.969|-0.1159597;-3.531677
148.031|-0.1179158;-3.541138
148.082|-0.1196089;-3.550422
148.142|-0.1228196;-3.554884
148.202|-0.1222784;-3.563582
148.267|-0.1238877;-3.556953
148.336|-0.1215694;-3.554063
148.411|-0.1183743;-3.550074
148.481|-0.1157401;-3.55109
148.554|-0.1167598;-3.550542
148.623|-0.1159307;-3.550465
148.686|-0.1156376;-3.547198
148.747|-0.1166409;-3.542158
148.820|-0.1169915;-3.527434
148.886|-0.1208011;-3.525109
148.956|-0.1196436;-3.520862
149.020|-0.1203828;-3.515947
149.090|-0.1245839;-3.508623
149.155|-0.1275755;-3.506991
149.214|-0.1297024;-3.506034
149.269|-0.118511;-3.515253
149.323|-0.1222136;-3.513148
149.374|-0.1228935;-3.521297
149.438|-0.1241565;-3.530039
149.501|-0.1179688;-3.544079
149.572|-0.1051636;-3.551196
149.643|-0.08647272;-3.562888
149.722|-0.07641385;-3.574511
149.793|-0.06261164;-3.566755
149.859|-0.04987779;-3.561624
149.924|-0.03145571;-3.562022
149.984|-0.02878777;-3.55844
150.046|-0.003312707;-3.551488
150.113|0.004513144;-3.550382
150.181|0.01020424;-3.554149
150.241|0.02017567;-3.567071
150.298|0.02915063;-3.567621
150.355|0.03533719;-3.565094
150.422|0.03116304;-3.558057
150.482|0.03098194;-3.553762
150.544|0.01821622;-3.546276
150.602|0.02028947;-3.543797
150.659|0.01373134;-3.541143
150.720|0.004684873;-3.539679
150.783|0.004357629;-3.53764
150.841|0.004017055;-3.532655
150.914|0.001916252;-3.531671
150.980|-0.00328327;-3.531033
151.047|-0.006760612;-3.543072
151.117|-0.005094185;-3.551447
151.177|-0.009724647;-3.569146
151.239|0.0003973842;-3.58132
151.302|0.002522759;-3.589078
151.364|0.005410187;-3.598812
151.423|-0.0002341047;-3.599269
151.489|0.0008052737;-3.604618
151.555|0.002006821;-3.595537
151.613|0.00977011;-3.600919
151.681|0.01570227;-3.603032
151.744|0.02407338;-3.599805
151.809|0.0288159;-3.59495
151.860|0.03213782;-3.593264
151.924|0.03831649;-3.599826
151.986|0.0416477;-3.592645
152.049|0.04668603;-3.596221
152.117|0.04019978;-3.598826
152.190|0.03459544;-3.589095
152.262|0.03036528;-3.585572
